        0.00223        2.49394
        0.00446        2.55335
        0.00670        2.48045
        0.00893        2.57398
        0.01116        2.49476
        0.01339        2.60200
        0.01562        2.49232
        0.01786        2.59291
        0.02009        2.43486
        0.02232        2.57295
        0.02455        2.41683
        0.02679        2.61023
        0.02902        2.46010
        0.03125        2.62692
        0.03348        2.44287
        0.03571        2.61561
        0.03795        2.47631
        0.04018        2.64999
        0.04241        2.49943
        0.04464        2.63042
        0.04688        2.46505
        0.04911        2.61199
        0.05134        2.47640
        0.05357        2.61739
        0.05580        2.47899
        0.05804        2.59835
        0.06027        2.49494
        0.06250        2.56366
        0.06473        2.49725
        0.06696        2.57866
        0.06920        2.48800
        0.07143        2.59438
        0.07366        2.50280
        0.07589        2.59588
        0.07812        2.52450
        0.08036        2.61696
        0.08259        2.64407
        0.08482        2.76435
        0.08705        2.72557
        0.08929        2.80225
        0.09152        2.76937
        0.09375        2.82932
        0.09598        2.79831
        0.09821        2.85231
        0.10045        2.81953
        0.10268        2.87069
        0.10491        2.82931
        0.10714        2.88526
        0.10938        2.84201
        0.11161        2.90345
        0.11384        2.84013
        0.11607        2.91437
        0.11830        2.83748
        0.12054        2.92966
        0.12277        2.83607
        0.12500        2.91786
        0.12723        2.82878
        0.12946        2.91063
        0.13170        2.81668
        0.13393        2.91144
        0.13616        2.77540
        0.13839        2.90580
        0.14062        2.76686
        0.14286        2.84625
        0.14509        2.73687
        0.14732        2.79444
        0.14955        2.68280
        0.15179        2.69018
        0.15402        2.45751
        0.15625        2.51335
        0.15848        2.40261
        0.16071        2.48897
        0.16295        2.33103
        0.16518        2.46644
        0.16741        2.33222
        0.16964        2.44519
        0.17188        2.33161
        0.17411        2.42324
        0.17634        2.25109
        0.17857        2.38440
        0.18080        2.29578
        0.18304        2.29360
        0.18527        2.33053
        0.18750        2.21379
        0.18973        2.28840
        0.19196        2.16589
        0.19420        2.18243
        0.19643        2.21687
        0.19866        1.98125
        0.20089        2.03442
        0.20312        1.91980
        0.20536        1.83671
        0.20759        1.90300
        0.20982        1.76211
        0.21205        1.75499
        0.21429        1.77514
        0.21652        1.68665
        0.21875        1.63414
        0.22098        1.59516
        0.22321        1.56202
        0.22545        1.44076
        0.22768        1.38220
        0.22991        1.31031
        0.23214        1.22296
        0.23438        1.14056
        0.23661        1.04480
        0.23884        0.95136
        0.24107        0.84531
        0.24330        0.74037
        0.24554        0.62050
        0.24777        0.50403
        0.25000        0.37420
        0.25223        0.24987
        0.25446        0.11452
        0.25670       -0.01663
        0.25893       -0.16291
        0.26116       -0.31422
        0.26339       -0.48608
        0.26562       -0.67037
        0.26786       -0.87793
        0.27009       -1.10725
        0.27232       -1.36728
        0.27455       -1.66383
        0.27679       -2.00080
        0.27902       -2.38935
        0.28125       -2.83007
        0.28348       -3.34617
        0.28571       -3.92407
        0.28795       -4.57720
        0.29018       -5.40193
        0.29241       -6.48592
        0.29464       -7.80127
        0.29688       -9.28233
        0.29911      -10.79772
        0.30134      -12.26095
        0.30357      -13.57830
        0.30580      -14.73379
        0.30804      -15.70072
        0.31027      -16.51539
        0.31250      -17.16912
        0.31473      -17.67844
        0.31696      -18.01264
        0.31920      -18.18184
        0.32143      -18.17285
        0.32366      -18.04161
        0.32589      -17.84288
        0.32812      -17.69494
        0.33036      -17.67613
        0.33259      -17.85591
        0.33482      -18.19068
        0.33705      -18.58625
        0.33929      -18.93109
        0.34152      -19.24959
        0.34375      -19.50381
        0.34598      -19.69388
        0.34821      -19.79155
        0.35045      -19.81134
        0.35268      -19.73964
        0.35491      -19.60019
        0.35714      -19.37902
        0.35938      -19.08944
        0.36161      -18.71803
        0.36384      -18.30207
        0.36607      -17.84958
        0.36830      -17.40718
        0.37054      -16.96301
        0.37277      -16.55615
        0.37500      -16.30264
        0.37723      -16.27272
        0.37946      -16.41554
        0.38170      -16.63218
        0.38393      -16.79493
        0.38616      -16.83055
        0.38839      -16.71099
        0.39062      -16.49047
        0.39286      -16.23895
        0.39509      -16.02596
        0.39732      -15.87199
        0.39955      -15.75204
        0.40179      -15.58829
        0.40402      -15.31713
        0.40625      -14.90340
        0.40848      -14.36779
        0.41071      -13.78660
        0.41295      -13.28781
        0.41518      -12.99201
        0.41741      -12.98381
        0.41964      -13.25270
        0.42188      -13.68555
        0.42411      -14.18672
        0.42634      -14.76149
        0.42857      -15.37663
        0.43080      -16.00535
        0.43304      -16.61993
        0.43527      -17.20006
        0.43750      -17.72800
        0.43973      -18.19031
        0.44196      -18.57715
        0.44420      -18.87623
        0.44643      -19.07598
        0.44866      -19.15959
        0.45089      -19.12232
        0.45312      -18.96422
        0.45536      -18.70221
        0.45759      -18.34601
        0.45982      -17.91257
        0.46205      -17.40660
        0.46429      -16.84613
        0.46652      -16.24053
        0.46875      -15.61616
        0.47098      -14.99072
        0.47321      -14.39837
        0.47545      -13.86589
        0.47768      -13.40726
        0.47991      -13.05471
        0.48214      -12.95450
        0.48438      -13.14215
        0.48661      -13.58171
        0.48884      -14.14215
        0.49107      -14.71291
        0.49330      -15.17316
        0.49554      -15.50199
        0.49777      -15.69563
        0.50000      -15.82736
        0.50223      -15.95697
        0.50446      -16.15261
        0.50670      -16.39042
        0.50893      -16.63685
        0.51116      -16.79781
        0.51339      -16.82835
        0.51562      -16.70144
        0.51786      -16.49869
        0.52009      -16.30680
        0.52232      -16.26812
        0.52455      -16.43083
        0.52679      -16.80067
        0.52902      -17.23487
        0.53125      -17.68204
        0.53348      -18.12777
        0.53571      -18.56777
        0.53795      -18.95184
        0.54018      -19.28154
        0.54241      -19.52122
        0.54464      -19.69861
        0.54688      -19.79043
        0.54911      -19.81286
        0.55134      -19.73838
        0.55357      -19.58951
        0.55580      -19.35141
        0.55804      -19.06140
        0.56027      -18.71972
        0.56250      -18.34828
        0.56473      -17.96501
        0.56696      -17.72760
        0.56920      -17.66393
        0.57143      -17.78214
        0.57366      -17.96439
        0.57589      -18.14153
        0.57812      -18.19355
        0.58036      -18.10418
        0.58259      -17.82201
        0.58482      -17.38802
        0.58705      -16.77786
        0.58929      -16.03524
        0.59152      -15.11785
        0.59375      -14.04569
        0.59598      -12.77625
        0.59821      -11.37328
        0.60045       -9.85498
        0.60268       -8.35909
        0.60491       -6.95614
        0.60714       -5.79067
        0.60938       -4.85844
        0.61161       -4.16703
        0.61384       -3.55475
        0.61607       -3.02407
        0.61830       -2.54461
        0.62054       -2.14964
        0.62277       -1.78113
        0.62500       -1.48305
        0.62723       -1.19629
        0.62946       -0.97004
        0.63170       -0.74039
        0.63393       -0.56240
        0.63616       -0.37095
        0.63839       -0.22757
        0.64062       -0.06407
        0.64286        0.05637
        0.64509        0.20593
        0.64732        0.31826
        0.64955        0.46245
        0.65179        0.56776
        0.65402        0.70284
        0.65625        0.79749
        0.65848        0.91862
        0.66071        1.00184
        0.66295        1.11130
        0.66518        1.18463
        0.66741        1.28576
        0.66964        1.34794
        0.67188        1.43831
        0.67411        1.48940
        0.67634        1.54583
        0.67857        1.66598
        0.68080        1.68418
        0.68304        1.72806
        0.68527        1.75190
        0.68750        1.83455
        0.68973        1.83214
        0.69196        1.88110
        0.69420        1.95861
        0.69643        1.96998
        0.69866        2.01855
        0.70089        2.08068
        0.70312        2.08980
        0.70536        2.17540
        0.70759        2.14433
        0.70982        2.21730
        0.71205        2.28667
        0.71429        2.21188
        0.71652        2.33837
        0.71875        2.24443
        0.72098        2.33844
        0.72321        2.28431
        0.72545        2.38154
        0.72768        2.30818
        0.72991        2.42003
        0.73214        2.35577
        0.73438        2.44451
        0.73661        2.39086
        0.73884        2.47054
        0.74107        2.42723
        0.74330        2.51863
        0.74554        2.52407
        0.74777        2.74519
        0.75000        2.72319
        0.75223        2.81301
        0.75446        2.77054
        0.75670        2.86169
        0.75893        2.80072
        0.76116        2.88187
        0.76339        2.80580
        0.76562        2.90475
        0.76786        2.86409
        0.77009        2.91830
        0.77232        2.85318
        0.77455        2.91662
        0.77679        2.81036
        0.77902        2.88501
        0.78125        2.85279
        0.78348        2.91854
        0.78571        2.87817
        0.78795        2.91265
        0.79018        2.85031
        0.79241        2.87733
        0.79464        2.81772
        0.79688        2.85570
        0.79911        2.83335
        0.80134        2.85197
        0.80357        2.80837
        0.80580        2.82900
        0.80804        2.76832
        0.81027        2.80124
        0.81250        2.72091
        0.81473        2.74233
        0.81696        2.56812
        0.81920        2.60425
        0.82143        2.52994
        0.82366        2.59072
        0.82589        2.50986
        0.82812        2.58556
        0.83036        2.48187
        0.83259        2.56379
        0.83482        2.48672
        0.83705        2.58919
        0.83929        2.51964
        0.84152        2.56018
        0.84375        2.51944
        0.84598        2.58554
        0.84821        2.48255
        0.85045        2.57416
        0.85268        2.51101
        0.85491        2.60272
        0.85714        2.58807
        0.85938        2.64545
        0.86161        2.57661
        0.86384        2.57908
        0.86607        2.52299
        0.86830        2.58296
        0.87054        2.48164
        0.87277        2.59223
        0.87500        2.41896
        0.87723        2.54526
        0.87946        2.37388
        0.88170        2.59466
        0.88393        2.46895
        0.88616        2.62405
        0.88839        2.48474
        0.89062        2.59259
        0.89286        2.44140
        0.89509        2.54753
        0.89732        2.46138
        0.89955        2.60197
        0.90179        2.51923
        0.90402        2.64294
        0.90625        2.52520
        0.90848        2.61362
        0.91071        2.49176
        0.91295        2.55910
        0.91518        2.49235
        0.91741        2.59528
        0.91964        2.53762
        0.92188        2.62955
        0.92411        2.54478
        0.92634        2.60669
        0.92857        2.51462
        0.93080        2.55693
        0.93304        2.50368
        0.93527        2.57575
        0.93750        2.54739
        0.93973        2.60536
        0.94196        2.56373
        0.94420        2.58914
        0.94643        2.53129
        0.94866        2.54815
        0.95089        2.51788
        0.95312        2.55604
        0.95536        2.55400
        0.95759        2.57971
        0.95982        2.58235
        0.96205        2.57689
        0.96429        2.54568
        0.96652        2.53722
        0.96875        2.53295
        0.97098        2.53983
        0.97321        2.56229
        0.97545        2.55637
        0.97768        2.59650
        0.97991        2.56396
        0.98214        2.55679
        0.98438        2.52318
        0.98661        2.54243
        0.98884        2.52049
        0.99107        2.56895
        0.99330        2.53198
        0.99554        2.60271
        0.99777        2.54068
        1.00000        2.56954
