        0.00223        3.42733
        0.00446        3.42800
        0.00670        3.41408
        0.00893        3.42802
        0.01116        3.42322
        0.01339        3.42598
        0.01562        3.42000
        0.01786        3.42228
        0.02009        3.42716
        0.02232        3.43501
        0.02455        3.40826
        0.02679        3.43010
        0.02902        3.42013
        0.03125        3.43063
        0.03348        3.41512
        0.03571        3.42437
        0.03795        3.42287
        0.04018        3.42801
        0.04241        3.40429
        0.04464        3.42440
        0.04688        3.41797
        0.04911        3.42492
        0.05134        3.40714
        0.05357        3.42388
        0.05580        3.41314
        0.05804        3.41856
        0.06027        3.39673
        0.06250        3.41539
        0.06473        3.41024
        0.06696        3.41657
        0.06920        3.39589
        0.07143        3.41256
        0.07366        3.39869
        0.07589        3.40398
        0.07812        3.37920
        0.08036        3.39629
        0.08259        3.38902
        0.08482        3.39524
        0.08705        3.37188
        0.08929        3.39130
        0.09152        3.36576
        0.09375        3.37373
        0.09598        3.33962
        0.09821        3.35733
        0.10045        3.33604
        0.10268        3.34734
        0.10491        3.30630
        0.10714        3.31250
        0.10938        3.25528
        0.11161        3.22834
        0.11384        3.13625
        0.11607        3.15155
        0.11830        3.11316
        0.12054        3.13218
        0.12277        3.08485
        0.12500        3.10955
        0.12723        3.08559
        0.12946        3.11283
        0.13170        3.06776
        0.13393        3.12727
        0.13616        3.05334
        0.13839        3.10101
        0.14062        3.03806
        0.14286        3.09843
        0.14509        3.02417
        0.14732        3.13682
        0.14955        2.99749
        0.15179        3.12712
        0.15402        3.03610
        0.15625        3.04249
        0.15848        3.07503
        0.16071        3.06491
        0.16295        3.03881
        0.16518        3.09389
        0.16741        2.93984
        0.16964        3.14341
        0.17188        2.96549
        0.17411        3.03787
        0.17634        3.03634
        0.17857        3.01259
        0.18080        3.02635
        0.18304        3.09111
        0.18527        3.01813
        0.18750        3.08605
        0.18973        3.01856
        0.19196        2.91606
        0.19420        3.03066
        0.19643        2.90723
        0.19866        3.05526
        0.20089        2.77285
        0.20312        2.96766
        0.20536        2.80826
        0.20759        2.83602
        0.20982        2.81729
        0.21205        2.71932
        0.21429        2.67954
        0.21652        2.56741
        0.21875        2.65814
        0.22098        2.63438
        0.22321        2.47296
        0.22545        2.60416
        0.22768        2.44525
        0.22991        2.53338
        0.23214        2.40284
        0.23438        2.47246
        0.23661        2.31798
        0.23884        2.36349
        0.24107        2.27993
        0.24330        2.17595
        0.24554        2.17159
        0.24777        2.15299
        0.25000        1.96667
        0.25223        1.96077
        0.25446        1.85712
        0.25670        1.81262
        0.25893        1.70458
        0.26116        1.64946
        0.26339        1.53845
        0.26562        1.47618
        0.26786        1.36271
        0.27009        1.29474
        0.27232        1.17970
        0.27455        1.10647
        0.27679        0.98788
        0.27902        0.90658
        0.28125        0.78201
        0.28348        0.68714
        0.28571        0.55022
        0.28795        0.43523
        0.29018        0.27800
        0.29241        0.13308
        0.29464       -0.05700
        0.29688       -0.24490
        0.29911       -0.48085
        0.30134       -0.72370
        0.30357       -1.01732
        0.30580       -1.32519
        0.30804       -1.68945
        0.31027       -2.07650
        0.31250       -2.52853
        0.31473       -3.01086
        0.31696       -3.56621
        0.31920       -4.15907
        0.32143       -4.83203
        0.32366       -5.51546
        0.32589       -6.31022
        0.32812       -7.27147
        0.33036       -8.49448
        0.33259       -9.94907
        0.33482      -11.64749
        0.33705      -13.49044
        0.33929      -15.44932
        0.34152      -17.40965
        0.34375      -19.34516
        0.34598      -21.15604
        0.34821      -22.83313
        0.35045      -24.29746
        0.35268      -25.55683
        0.35491      -26.55028
        0.35714      -27.29785
        0.35938      -27.75171
        0.36161      -27.93977
        0.36384      -27.82461
        0.36607      -27.44078
        0.36830      -26.76167
        0.37054      -25.82971
        0.37277      -24.63074
        0.37500      -23.21714
        0.37723      -21.58963
        0.37946      -19.81460
        0.38170      -17.91249
        0.38393      -15.96850
        0.38616      -14.02490
        0.38839      -12.18219
        0.39062      -10.49254
        0.39286       -9.04492
        0.39509       -7.85456
        0.39732       -6.94139
        0.39955       -6.24553
        0.40179       -5.71846
        0.40402       -5.25717
        0.40625       -4.91189
        0.40848       -4.65427
        0.41071       -4.51324
        0.41295       -4.44945
        0.41518       -4.50160
        0.41741       -4.64153
        0.41964       -4.90497
        0.42188       -5.25397
        0.42411       -5.71380
        0.42634       -6.30088
        0.42857       -7.08436
        0.43080       -8.06092
        0.43304       -9.24295
        0.43527      -10.60482
        0.43750      -12.14872
        0.43973      -13.91121
        0.44196      -15.92073
        0.44420      -18.07706
        0.44643      -20.26289
        0.44866      -22.30956
        0.45089      -24.11799
        0.45312      -25.60267
        0.45536      -26.76702
        0.45759      -27.61908
        0.45982      -28.18924
        0.46205      -28.49810
        0.46429      -28.61104
        0.46652      -28.53660
        0.46875      -28.30909
        0.47098      -27.92585
        0.47321      -27.42254
        0.47545      -26.87618
        0.47768      -26.50693
        0.47991      -26.43292
        0.48214      -26.69938
        0.48438      -27.19177
        0.48661      -27.73886
        0.48884      -28.16892
        0.49107      -28.46652
        0.49330      -28.59941
        0.49554      -28.57217
        0.49777      -28.33905
        0.50000      -27.89016
        0.50223      -27.14596
        0.50446      -26.11919
        0.50670      -24.75853
        0.50893      -23.08350
        0.51116      -21.11495
        0.51339      -18.97567
        0.51562      -16.78208
        0.51786      -14.70658
        0.52009      -12.83222
        0.52232      -11.21437
        0.52455       -9.77393
        0.52679       -8.52285
        0.52902       -7.45633
        0.53125       -6.59974
        0.53348       -5.93441
        0.53571       -5.43115
        0.53795       -5.03762
        0.54018       -4.74057
        0.54241       -4.54694
        0.54464       -4.46358
        0.54688       -4.47815
        0.54911       -4.58994
        0.55134       -4.79793
        0.55357       -5.10859
        0.55580       -5.52389
        0.55804       -6.02476
        0.56027       -6.63564
        0.56250       -7.46014
        0.56473       -8.53001
        0.56696       -9.88129
        0.56920      -11.47422
        0.57143      -13.26903
        0.57366      -15.17595
        0.57589      -17.13347
        0.57812      -19.05519
        0.58036      -20.89295
        0.58259      -22.58043
        0.58482      -24.08958
        0.58705      -25.37372
        0.58929      -26.42101
        0.59152      -27.19934
        0.59375      -27.70851
        0.59598      -27.92817
        0.59821      -27.86746
        0.60045      -27.51600
        0.60268      -26.89082
        0.60491      -25.99072
        0.60714      -24.84115
        0.60938      -23.45210
        0.61161      -21.86137
        0.61384      -20.09488
        0.61607      -18.20764
        0.61830      -16.24526
        0.62054      -14.28152
        0.62277      -12.37839
        0.62500      -10.61774
        0.62723       -9.05451
        0.62946       -7.74079
        0.63170       -6.67335
        0.63393       -5.82474
        0.63616       -5.10461
        0.63839       -4.43108
        0.64062       -3.79819
        0.64286       -3.23443
        0.64509       -2.71706
        0.64732       -2.25891
        0.64955       -1.84037
        0.65179       -1.47295
        0.65402       -1.13721
        0.65625       -0.84367
        0.65848       -0.57512
        0.66071       -0.34202
        0.66295       -0.12977
        0.66518        0.05395
        0.66741        0.22183
        0.66964        0.36865
        0.67188        0.50555
        0.67411        0.62803
        0.67634        0.74531
        0.67857        0.85193
        0.68080        0.95652
        0.68304        1.05371
        0.68527        1.15180
        0.68750        1.24299
        0.68973        1.33741
        0.69196        1.42453
        0.69420        1.51652
        0.69643        1.59836
        0.69866        1.68710
        0.70089        1.76230
        0.70312        1.84718
        0.70536        1.91419
        0.70759        1.99187
        0.70982        2.04852
        0.71205        2.12443
        0.71429        2.16616
        0.71652        2.24754
        0.71875        2.25951
        0.72098        2.34957
        0.72321        2.37581
        0.72545        2.40041
        0.72768        2.48136
        0.72991        2.47701
        0.73214        2.57286
        0.73438        2.52793
        0.73661        2.57107
        0.73884        2.62589
        0.74107        2.60568
        0.74330        2.61122
        0.74554        2.63541
        0.74777        2.72576
        0.75000        2.69137
        0.75223        2.81827
        0.75446        2.86231
        0.75670        2.89936
        0.75893        2.93552
        0.76116        2.91810
        0.76339        2.96758
        0.76562        2.93531
        0.76786        3.02473
        0.77009        3.00109
        0.77232        3.09295
        0.77455        3.04741
        0.77679        3.03283
        0.77902        2.99586
        0.78125        3.02735
        0.78348        2.95818
        0.78571        3.09010
        0.78795        3.04953
        0.79018        3.08930
        0.79241        3.03285
        0.79464        3.05785
        0.79688        3.04228
        0.79911        3.01214
        0.80134        3.04994
        0.80357        3.04456
        0.80580        3.06929
        0.80804        3.05739
        0.81027        3.08308
        0.81250        3.05411
        0.81473        3.06430
        0.81696        3.03868
        0.81920        3.07059
        0.82143        3.06376
        0.82366        3.09612
        0.82589        3.08603
        0.82812        3.08769
        0.83036        3.09698
        0.83259        3.08874
        0.83482        3.09742
        0.83705        3.10449
        0.83929        3.11602
        0.84152        3.13142
        0.84375        3.14214
        0.84598        3.16563
        0.84821        3.24607
        0.85045        3.28183
        0.85268        3.30674
        0.85491        3.32459
        0.85714        3.33950
        0.85938        3.33943
        0.86161        3.34620
        0.86384        3.35298
        0.86607        3.37108
        0.86830        3.37258
        0.87054        3.37852
        0.87277        3.38090
        0.87500        3.38868
        0.87723        3.38426
        0.87946        3.38579
        0.88170        3.38675
        0.88393        3.40275
        0.88616        3.39868
        0.88839        3.40248
        0.89062        3.40164
        0.89286        3.40883
        0.89509        3.40490
        0.89732        3.40436
        0.89955        3.40230
        0.90179        3.41720
        0.90402        3.41053
        0.90625        3.41390
        0.90848        3.41069
        0.91071        3.41841
        0.91295        3.41571
        0.91518        3.41324
        0.91741        3.40996
        0.91964        3.42416
        0.92188        3.41696
        0.92411        3.41970
        0.92634        3.41608
        0.92857        3.42370
        0.93080        3.42179
        0.93304        3.41887
        0.93527        3.41381
        0.93750        3.42704
        0.93973        3.41904
        0.94196        3.42196
        0.94420        3.41628
        0.94643        3.42459
        0.94866        3.42402
        0.95089        3.42097
        0.95312        3.41444
        0.95536        3.42688
        0.95759        3.41843
        0.95982        3.42187
        0.96205        3.41425
        0.96429        3.42354
        0.96652        3.42313
        0.96875        3.42075
        0.97098        3.41207
        0.97321        3.42605
        0.97545        3.41854
        0.97768        3.42337
        0.97991        3.41525
        0.98214        3.42567
        0.98438        3.42538
        0.98661        3.42402
        0.98884        3.41330
        0.99107        3.42770
        0.99330        3.42068
        0.99554        3.42468
        0.99777        3.41663
        1.00000        3.42596
