        0.00223        1.66519
        0.00446        1.66757
        0.00670        1.66144
        0.00893        1.65873
        0.01116        1.65835
        0.01339        1.66341
        0.01562        1.66781
        0.01786        1.66704
        0.02009        1.66613
        0.02232        1.66788
        0.02455        1.66237
        0.02679        1.65854
        0.02902        1.65825
        0.03125        1.66259
        0.03348        1.66834
        0.03571        1.66689
        0.03795        1.66617
        0.04018        1.66786
        0.04241        1.66289
        0.04464        1.65783
        0.04688        1.65783
        0.04911        1.66165
        0.05134        1.66851
        0.05357        1.66671
        0.05580        1.66637
        0.05804        1.66779
        0.06027        1.66380
        0.06250        1.65750
        0.06473        1.65736
        0.06696        1.66045
        0.06920        1.66850
        0.07143        1.66649
        0.07366        1.66651
        0.07589        1.66752
        0.07812        1.66472
        0.08036        1.65795
        0.08259        1.65709
        0.08482        1.65994
        0.08705        1.66840
        0.08929        1.66626
        0.09152        1.66650
        0.09375        1.66694
        0.09598        1.66484
        0.09821        1.65758
        0.10045        1.65671
        0.10268        1.65895
        0.10491        1.66744
        0.10714        1.66514
        0.10938        1.66538
        0.11161        1.66558
        0.11384        1.66416
        0.11607        1.65645
        0.11830        1.65540
        0.12054        1.65736
        0.12277        1.66589
        0.12500        1.66367
        0.12723        1.66409
        0.12946        1.66429
        0.13170        1.66376
        0.13393        1.65610
        0.13616        1.65532
        0.13839        1.65684
        0.14062        1.66496
        0.14286        1.66297
        0.14509        1.66339
        0.14732        1.66307
        0.14955        1.66321
        0.15179        1.65533
        0.15402        1.65470
        0.15625        1.65524
        0.15848        1.66336
        0.16071        1.66140
        0.16295        1.66241
        0.16518        1.66153
        0.16741        1.66195
        0.16964        1.65395
        0.17188        1.65366
        0.17411        1.65383
        0.17634        1.66163
        0.17857        1.66007
        0.18080        1.66165
        0.18304        1.66001
        0.18527        1.66092
        0.18750        1.65249
        0.18973        1.65234
        0.19196        1.65211
        0.19420        1.65975
        0.19643        1.65856
        0.19866        1.66083
        0.20089        1.65826
        0.20312        1.65972
        0.20536        1.65069
        0.20759        1.65076
        0.20982        1.65011
        0.21205        1.65771
        0.21429        1.65678
        0.21652        1.66041
        0.21875        1.65642
        0.22098        1.65850
        0.22321        1.64903
        0.22545        1.64941
        0.22768        1.64840
        0.22991        1.65589
        0.23214        1.65512
        0.23438        1.65991
        0.23661        1.65499
        0.23884        1.65740
        0.24107        1.64778
        0.24330        1.64832
        0.24554        1.64668
        0.24777        1.65410
        0.25000        1.65312
        0.25223        1.65872
        0.25446        1.65291
        0.25670        1.65563
        0.25893        1.64589
        0.26116        1.64651
        0.26339        1.64409
        0.26562        1.65157
        0.26786        1.65036
        0.27009        1.65710
        0.27232        1.65054
        0.27455        1.65378
        0.27679        1.64387
        0.27902        1.64481
        0.28125        1.64143
        0.28348        1.64906
        0.28571        1.64730
        0.28795        1.65480
        0.29018        1.64749
        0.29241        1.65105
        0.29464        1.64044
        0.29688        1.64118
        0.29911        1.63614
        0.30134        1.64305
        0.30357        1.63993
        0.30580        1.64728
        0.30804        1.63849
        0.31027        1.64183
        0.31250        1.62897
        0.31473        1.62821
        0.31696        1.61954
        0.31920        1.62369
        0.32143        1.61737
        0.32366        1.62395
        0.32589        1.61154
        0.32812        1.61116
        0.33036        1.59090
        0.33259        1.58552
        0.33482        1.56943
        0.33705        1.56742
        0.33929        1.55513
        0.34152        1.55600
        0.34375        1.53646
        0.34598        1.52765
        0.34821        1.49951
        0.35045        1.49141
        0.35268        1.46741
        0.35491        1.45617
        0.35714        1.42930
        0.35938        1.41274
        0.36161        1.38200
        0.36384        1.36636
        0.36607        1.33315
        0.36830        1.31276
        0.37054        1.27383
        0.37277        1.25489
        0.37500        1.21990
        0.37723        1.18483
        0.37946        1.12366
        0.38170        1.08326
        0.38393        1.03824
        0.38616        0.99633
        0.38839        0.93550
        0.39062        0.88309
        0.39286        0.81899
        0.39509        0.76082
        0.39732        0.69106
        0.39955        0.62350
        0.40179        0.55061
        0.40402        0.47421
        0.40625        0.39779
        0.40848        0.31599
        0.41071        0.23106
        0.41295        0.14159
        0.41518        0.04675
        0.41741       -0.05375
        0.41964       -0.15541
        0.42188       -0.26152
        0.42411       -0.36452
        0.42634       -0.47424
        0.42857       -0.58393
        0.43080       -0.70424
        0.43304       -0.82745
        0.43527       -0.96240
        0.43750       -1.09906
        0.43973       -1.24939
        0.44196       -1.40503
        0.44420       -1.58289
        0.44643       -1.77529
        0.44866       -1.99926
        0.45089       -2.24611
        0.45312       -2.53266
        0.45536       -2.85200
        0.45759       -3.22171
        0.45982       -3.63678
        0.46205       -4.11327
        0.46429       -4.64810
        0.46652       -5.25811
        0.46875       -5.94025
        0.47098       -6.67369
        0.47321       -7.53426
        0.47545       -8.63280
        0.47768       -9.99924
        0.47991      -11.61701
        0.48214      -13.41493
        0.48438      -15.30911
        0.48661      -17.20501
        0.48884      -19.02210
        0.49107      -20.68807
        0.49330      -22.14923
        0.49554      -23.36105
        0.49777      -24.29446
        0.50000      -24.92949
        0.50223      -25.26732
        0.50446      -25.30688
        0.50670      -25.04037
        0.50893      -24.52369
        0.51116      -23.82365
        0.51339      -23.01444
        0.51562      -22.16802
        0.51786      -21.34339
        0.52009      -20.59298
        0.52232      -19.97096
        0.52455      -19.53332
        0.52679      -19.32743
        0.52902      -19.37333
        0.53125      -19.64162
        0.53348      -20.04476
        0.53571      -20.43969
        0.53795      -20.75754
        0.54018      -21.01851
        0.54241      -21.19946
        0.54464      -21.29943
        0.54688      -21.30886
        0.54911      -21.23315
        0.55134      -21.06968
        0.55357      -20.82902
        0.55580      -20.52295
        0.55804      -20.14971
        0.56027      -19.73210
        0.56250      -19.42279
        0.56473      -19.31477
        0.56696      -19.46176
        0.56920      -19.84359
        0.57143      -20.42806
        0.57366      -21.14945
        0.57589      -21.96328
        0.57812      -22.80671
        0.58036      -23.63381
        0.58259      -24.36508
        0.58482      -24.93563
        0.58705      -25.26733
        0.58929      -25.30705
        0.59152      -25.03806
        0.59375      -24.47977
        0.59598      -23.61522
        0.59821      -22.47258
        0.60045      -21.06565
        0.60268      -19.44886
        0.60491      -17.65908
        0.60714      -15.77926
        0.60938      -13.87201
        0.61161      -12.04651
        0.61384      -10.37215
        0.61607       -8.94524
        0.61830       -7.77605
        0.62054       -6.87037
        0.62277       -6.11066
        0.62500       -5.42332
        0.62723       -4.78499
        0.62946       -4.24297
        0.63170       -3.74194
        0.63393       -3.32370
        0.63616       -2.93146
        0.63839       -2.61273
        0.64062       -2.30584
        0.64286       -2.06274
        0.64509       -1.82031
        0.64732       -1.63378
        0.64955       -1.43960
        0.65179       -1.29194
        0.65402       -1.12815
        0.65625       -1.00016
        0.65848       -0.85390
        0.66071       -0.73767
        0.66295       -0.60758
        0.66518       -0.50409
        0.66741       -0.38605
        0.66964       -0.29012
        0.67188       -0.17676
        0.67411       -0.08081
        0.67634        0.02535
        0.67857        0.11868
        0.68080        0.21156
        0.68304        0.29452
        0.68527        0.38094
        0.68750        0.45155
        0.68973        0.52684
        0.69196        0.62786
        0.69420        0.65902
        0.69643        0.76713
        0.69866        0.79767
        0.70089        0.87693
        0.70312        0.92209
        0.70536        0.99285
        0.70759        1.02663
        0.70982        1.07672
        0.71205        1.12358
        0.71429        1.16933
        0.71652        1.19458
        0.71875        1.24785
        0.72098        1.27016
        0.72321        1.30751
        0.72545        1.32643
        0.72768        1.36229
        0.72991        1.37598
        0.73214        1.41097
        0.73438        1.42239
        0.73661        1.45334
        0.73884        1.46398
        0.74107        1.48969
        0.74330        1.49701
        0.74554        1.52368
        0.74777        1.53280
        0.75000        1.55539
        0.75223        1.55550
        0.75446        1.57020
        0.75670        1.56911
        0.75893        1.58412
        0.76116        1.58842
        0.76339        1.60881
        0.76562        1.60888
        0.76786        1.62242
        0.77009        1.61733
        0.77232        1.62483
        0.77455        1.62000
        0.77679        1.62774
        0.77902        1.62769
        0.78125        1.64184
        0.78348        1.63700
        0.78571        1.64649
        0.78795        1.64025
        0.79018        1.64474
        0.79241        1.63693
        0.79464        1.64119
        0.79688        1.63968
        0.79911        1.65150
        0.80134        1.64635
        0.80357        1.65406
        0.80580        1.64760
        0.80804        1.65103
        0.81027        1.64236
        0.81250        1.64501
        0.81473        1.64335
        0.81696        1.65430
        0.81920        1.64956
        0.82143        1.65644
        0.82366        1.65048
        0.82589        1.65351
        0.82812        1.64485
        0.83036        1.64689
        0.83259        1.64565
        0.83482        1.65611
        0.83705        1.65197
        0.83929        1.65806
        0.84152        1.65284
        0.84375        1.65594
        0.84598        1.64731
        0.84821        1.64875
        0.85045        1.64778
        0.85268        1.65775
        0.85491        1.65412
        0.85714        1.65928
        0.85938        1.65470
        0.86161        1.65764
        0.86384        1.64908
        0.86607        1.64997
        0.86830        1.64907
        0.87054        1.65864
        0.87277        1.65554
        0.87500        1.65984
        0.87723        1.65612
        0.87946        1.65926
        0.88170        1.65097
        0.88393        1.65149
        0.88616        1.65079
        0.88839        1.65969
        0.89062        1.65709
        0.89286        1.66066
        0.89509        1.65783
        0.89732        1.66104
        0.89955        1.65287
        0.90179        1.65304
        0.90402        1.65283
        0.90625        1.66085
        0.90848        1.65874
        0.91071        1.66171
        0.91295        1.65918
        0.91518        1.66258
        0.91741        1.65447
        0.91964        1.65435
        0.92188        1.65418
        0.92411        1.66185
        0.92634        1.66024
        0.92857        1.66273
        0.93080        1.66025
        0.93304        1.66399
        0.93527        1.65600
        0.93750        1.65541
        0.93973        1.65539
        0.94196        1.66274
        0.94420        1.66188
        0.94643        1.66376
        0.94866        1.66164
        0.95089        1.66549
        0.95312        1.65760
        0.95536        1.65625
        0.95759        1.65609
        0.95982        1.66315
        0.96205        1.66327
        0.96429        1.66434
        0.96652        1.66255
        0.96875        1.66612
        0.97098        1.65845
        0.97321        1.65648
        0.97545        1.65641
        0.97768        1.66312
        0.97991        1.66483
        0.98214        1.66545
        0.98438        1.66395
        0.98661        1.66710
        0.98884        1.66025
        0.99107        1.65802
        0.99330        1.65771
        0.99554        1.66350
        0.99777        1.66658
        1.00000        1.66648
