        0.00223        2.31173
        0.00446        2.29469
        0.00670        2.29208
        0.00893        2.29898
        0.01116        2.32019
        0.01339        2.31175
        0.01562        2.30995
        0.01786        2.31482
        0.02009        2.31433
        0.02232        2.29569
        0.02455        2.29271
        0.02679        2.29926
        0.02902        2.32074
        0.03125        2.31263
        0.03348        2.30999
        0.03571        2.31409
        0.03795        2.31660
        0.04018        2.29561
        0.04241        2.29248
        0.04464        2.29809
        0.04688        2.31997
        0.04911        2.31181
        0.05134        2.30948
        0.05357        2.31449
        0.05580        2.31968
        0.05804        2.29763
        0.06027        2.29262
        0.06250        2.29858
        0.06473        2.32157
        0.06696        2.31378
        0.06920        2.30996
        0.07143        2.31320
        0.07366        2.32221
        0.07589        2.29743
        0.07812        2.29135
        0.08036        2.29540
        0.08259        2.31665
        0.08482        2.31012
        0.08705        2.30628
        0.08929        2.30872
        0.09152        2.31759
        0.09375        2.29418
        0.09598        2.28884
        0.09821        2.29307
        0.10045        2.31044
        0.10268        2.30977
        0.10491        2.30544
        0.10714        2.30775
        0.10938        2.31678
        0.11161        2.29362
        0.11384        2.28817
        0.11607        2.29229
        0.11830        2.30795
        0.12054        2.31069
        0.12277        2.30564
        0.12500        2.30798
        0.12723        2.31736
        0.12946        2.29490
        0.13170        2.28856
        0.13393        2.29213
        0.13616        2.30687
        0.13839        2.31146
        0.14062        2.30561
        0.14286        2.30719
        0.14509        2.31609
        0.14732        2.29469
        0.14955        2.28789
        0.15179        2.29109
        0.15402        2.30491
        0.15625        2.31147
        0.15848        2.30565
        0.16071        2.30705
        0.16295        2.31561
        0.16518        2.29461
        0.16741        2.28724
        0.16964        2.29052
        0.17188        2.30378
        0.17411        2.31243
        0.17634        2.30583
        0.17857        2.30644
        0.18080        2.31470
        0.18304        2.29502
        0.18527        2.28690
        0.18750        2.28946
        0.18973        2.30222
        0.19196        2.31281
        0.19420        2.30581
        0.19643        2.30572
        0.19866        2.31369
        0.20089        2.29576
        0.20312        2.28707
        0.20536        2.28925
        0.20759        2.30168
        0.20982        2.31408
        0.21205        2.30615
        0.21429        2.30538
        0.21652        2.31274
        0.21875        2.29618
        0.22098        2.28641
        0.22321        2.28839
        0.22545        2.29950
        0.22768        2.31433
        0.22991        2.30593
        0.23214        2.30378
        0.23438        2.31075
        0.23661        2.29507
        0.23884        2.28454
        0.24107        2.28575
        0.24330        2.29641
        0.24554        2.31352
        0.24777        2.30383
        0.25000        2.30192
        0.25223        2.30773
        0.25446        2.29325
        0.25670        2.28179
        0.25893        2.28256
        0.26116        2.29285
        0.26339        2.31201
        0.26562        2.30188
        0.26786        2.29855
        0.27009        2.30389
        0.27232        2.29081
        0.27455        2.27803
        0.27679        2.27857
        0.27902        2.28857
        0.28125        2.31036
        0.28348        2.29953
        0.28571        2.29559
        0.28795        2.30082
        0.29018        2.28799
        0.29241        2.27544
        0.29464        2.27505
        0.29688        2.28392
        0.29911        2.30884
        0.30134        2.29591
        0.30357        2.29156
        0.30580        2.29533
        0.30804        2.28056
        0.31027        2.26729
        0.31250        2.26623
        0.31473        2.27405
        0.31696        2.29996
        0.31920        2.28542
        0.32143        2.27881
        0.32366        2.27990
        0.32589        2.25998
        0.32812        2.24606
        0.33036        2.23978
        0.33259        2.24601
        0.33482        2.26737
        0.33705        2.25100
        0.33929        2.23916
        0.34152        2.23214
        0.34375        2.20431
        0.34598        2.19304
        0.34821        2.17719
        0.35045        2.17682
        0.35268        2.18154
        0.35491        2.16994
        0.35714        2.15149
        0.35938        2.13465
        0.36161        2.09323
        0.36384        2.07842
        0.36607        2.06260
        0.36830        2.03772
        0.37054        2.01748
        0.37277        2.00798
        0.37500        1.97901
        0.37723        1.94175
        0.37946        1.88924
        0.38170        1.85120
        0.38393        1.82231
        0.38616        1.77467
        0.38839        1.73548
        0.39062        1.69789
        0.39286        1.64057
        0.39509        1.59019
        0.39732        1.53445
        0.39955        1.48618
        0.40179        1.42964
        0.40402        1.35487
        0.40625        1.26578
        0.40848        1.22762
        0.41071        1.11415
        0.41295        1.08339
        0.41518        0.97788
        0.41741        0.88847
        0.41964        0.82307
        0.42188        0.72039
        0.42411        0.63149
        0.42634        0.53149
        0.42857        0.43635
        0.43080        0.33621
        0.43304        0.23555
        0.43527        0.12006
        0.43750        0.00877
        0.43973       -0.11794
        0.44196       -0.23944
        0.44420       -0.37567
        0.44643       -0.51242
        0.44866       -0.67257
        0.45089       -0.84024
        0.45312       -1.03783
        0.45536       -1.24612
        0.45759       -1.49042
        0.45982       -1.75570
        0.46205       -2.07069
        0.46429       -2.42185
        0.46652       -2.83493
        0.46875       -3.29587
        0.47098       -3.83211
        0.47321       -4.43753
        0.47545       -5.14472
        0.47768       -5.92015
        0.47991       -6.84815
        0.48214       -8.01890
        0.48438       -9.46259
        0.48661      -11.08470
        0.48884      -12.76339
        0.49107      -14.43731
        0.49330      -16.09147
        0.49554      -17.72138
        0.49777      -19.35221
        0.50000      -20.99159
        0.50223      -22.63783
        0.50446      -24.24570
        0.50670      -25.75683
        0.50893      -27.09003
        0.51116      -28.18792
        0.51339      -29.01402
        0.51562      -29.58957
        0.51786      -29.96966
        0.52009      -30.24518
        0.52232      -30.48184
        0.52455      -30.69549
        0.52679      -30.80659
        0.52902      -30.69910
        0.53125      -30.35159
        0.53348      -29.77964
        0.53571      -28.96599
        0.53795      -27.92333
        0.54018      -26.65707
        0.54241      -25.19855
        0.54464      -23.57231
        0.54688      -21.82472
        0.54911      -19.99425
        0.55134      -18.13895
        0.55357      -16.30853
        0.55580      -14.56902
        0.55804      -12.97437
        0.56027      -11.58282
        0.56250      -10.42828
        0.56473       -9.53250
        0.56696       -8.88288
        0.56920       -8.44819
        0.57143       -8.17809
        0.57366       -8.00358
        0.57589       -7.89573
        0.57812       -7.86522
        0.58036       -7.89168
        0.58259       -7.99460
        0.58482       -8.16494
        0.58705       -8.42686
        0.58929       -8.84943
        0.59152       -9.48438
        0.59375      -10.36394
        0.59598      -11.50247
        0.59821      -12.87992
        0.60045      -14.46326
        0.60268      -16.19524
        0.60491      -18.02176
        0.60714      -19.87703
        0.60938      -21.71068
        0.61161      -23.46470
        0.61384      -25.09984
        0.61607      -26.56974
        0.61830      -27.84892
        0.62054      -28.90593
        0.62277      -29.73421
        0.62500      -30.32104
        0.62723      -30.68241
        0.62946      -30.80551
        0.63170      -30.70508
        0.63393      -30.49430
        0.63616      -30.25870
        0.63839      -29.98692
        0.64062      -29.61612
        0.64286      -29.05472
        0.64509      -28.24550
        0.64732      -27.16390
        0.64955      -25.84403
        0.65179      -24.34152
        0.65402      -22.73778
        0.65625      -21.09210
        0.65848      -19.45191
        0.66071      -17.82041
        0.66295      -16.19126
        0.66518      -14.53856
        0.66741      -12.86573
        0.66964      -11.18591
        0.67188       -9.55743
        0.67411       -8.09806
        0.67634       -6.91044
        0.67857       -5.96863
        0.68080       -5.18785
        0.68304       -4.47500
        0.68527       -3.86420
        0.68750       -3.32315
        0.68973       -2.85869
        0.69196       -2.44172
        0.69420       -2.08791
        0.69643       -1.76965
        0.69866       -1.50269
        0.70089       -1.25598
        0.70312       -1.04689
        0.70536       -0.84732
        0.70759       -0.67918
        0.70982       -0.51728
        0.71205       -0.38047
        0.71429       -0.24313
        0.71652       -0.12190
        0.71875        0.00560
        0.72098        0.11680
        0.72321        0.23311
        0.72545        0.33378
        0.72768        0.43451
        0.72991        0.52948
        0.73214        0.62934
        0.73438        0.71912
        0.73661        0.82173
        0.73884        0.88716
        0.74107        0.97748
        0.74330        1.08296
        0.74554        1.11536
        0.74777        1.22820
        0.75000        1.25129
        0.75223        1.35772
        0.75446        1.43930
        0.75670        1.47753
        0.75893        1.52903
        0.76116        1.59375
        0.76339        1.64339
        0.76562        1.69794
        0.76786        1.73461
        0.77009        1.78026
        0.77232        1.81376
        0.77455        1.85781
        0.77679        1.89298
        0.77902        1.94439
        0.78125        1.97828
        0.78348        2.01042
        0.78571        2.02054
        0.78795        2.04534
        0.79018        2.06320
        0.79241        2.08022
        0.79464        2.09617
        0.79688        2.13711
        0.79911        2.15400
        0.80134        2.17158
        0.80357        2.18532
        0.80580        2.17869
        0.80804        2.18305
        0.81027        2.19464
        0.81250        2.20611
        0.81473        2.23522
        0.81696        2.24182
        0.81920        2.25320
        0.82143        2.26880
        0.82366        2.25062
        0.82589        2.24414
        0.82812        2.25056
        0.83036        2.26384
        0.83259        2.28361
        0.83482        2.28150
        0.83705        2.28983
        0.83929        2.30044
        0.84152        2.28132
        0.84375        2.26812
        0.84598        2.27236
        0.84821        2.28689
        0.85045        2.29945
        0.85268        2.29509
        0.85491        2.30047
        0.85714        2.31008
        0.85938        2.29159
        0.86161        2.27630
        0.86384        2.27980
        0.86607        2.29514
        0.86830        2.30427
        0.87054        2.29922
        0.87277        2.30366
        0.87500        2.31224
        0.87723        2.29547
        0.87946        2.28006
        0.88170        2.28308
        0.88393        2.29642
        0.88616        2.30739
        0.88839        2.30302
        0.89062        2.30555
        0.89286        2.31442
        0.89509        2.29923
        0.89732        2.28505
        0.89955        2.28647
        0.90179        2.29878
        0.90402        2.31130
        0.90625        2.30629
        0.90848        2.30792
        0.91071        2.31610
        0.91295        2.30289
        0.91518        2.28875
        0.91741        2.28912
        0.91964        2.30018
        0.92188        2.31445
        0.92411        2.30851
        0.92634        2.30971
        0.92857        2.31717
        0.93080        2.30633
        0.93304        2.29165
        0.93527        2.29088
        0.93750        2.30109
        0.93973        2.31674
        0.94196        2.30997
        0.94420        2.31037
        0.94643        2.31718
        0.94866        2.30814
        0.95089        2.29278
        0.95312        2.29125
        0.95536        2.30054
        0.95759        2.31776
        0.95982        2.31034
        0.96205        2.30994
        0.96429        2.31614
        0.96652        2.30871
        0.96875        2.29306
        0.97098        2.29100
        0.97321        2.29958
        0.97545        2.31883
        0.97768        2.31104
        0.97991        2.31009
        0.98214        2.31576
        0.98438        2.31062
        0.98661        2.29418
        0.98884        2.29138
        0.99107        2.29905
        0.99330        2.31959
        0.99554        2.31175
        0.99777        2.31002
        1.00000        2.31488
