        0.00223        2.87907
        0.00446        2.80655
        0.00670        2.85814
        0.00893        2.80921
        0.01116        2.85417
        0.01339        2.82703
        0.01562        2.86615
        0.01786        2.83299
        0.02009        2.85617
        0.02232        2.82382
        0.02455        2.83921
        0.02679        2.82877
        0.02902        2.83566
        0.03125        2.84794
        0.03348        2.84852
        0.03571        2.85418
        0.03795        2.83858
        0.04018        2.84364
        0.04241        2.82051
        0.04464        2.84919
        0.04688        2.82008
        0.04911        2.87274
        0.05134        2.83441
        0.05357        2.88053
        0.05580        2.82860
        0.05804        2.86784
        0.06027        2.80713
        0.06250        2.87016
        0.06473        2.80598
        0.06696        2.89421
        0.06920        2.82327
        0.07143        2.90411
        0.07366        2.82073
        0.07589        2.89441
        0.07812        2.80298
        0.08036        2.89778
        0.08259        2.80358
        0.08482        2.92005
        0.08705        2.82101
        0.08929        2.93392
        0.09152        2.82049
        0.09375        2.92381
        0.09598        2.80671
        0.09821        2.92788
        0.10045        2.80866
        0.10268        2.94770
        0.10491        2.82507
        0.10714        2.96006
        0.10938        2.82550
        0.11161        2.94958
        0.11384        2.81270
        0.11607        2.95311
        0.11830        2.81677
        0.12054        2.97508
        0.12277        2.83667
        0.12500        2.98944
        0.12723        2.83954
        0.12946        2.97946
        0.13170        2.82574
        0.13393        2.97858
        0.13616        2.82787
        0.13839        3.00089
        0.14062        2.84949
        0.14286        3.01665
        0.14509        2.85511
        0.14732        3.00911
        0.14955        2.84215
        0.15179        3.00537
        0.15402        2.84460
        0.15625        3.02321
        0.15848        2.86497
        0.16071        3.03849
        0.16295        2.86824
        0.16518        3.03136
        0.16741        2.85783
        0.16964        3.02965
        0.17188        2.86206
        0.17411        3.04984
        0.17634        2.88571
        0.17857        3.06632
        0.18080        2.89069
        0.18304        3.05860
        0.18527        2.87745
        0.18750        3.05213
        0.18973        2.87854
        0.19196        3.07079
        0.19420        2.90196
        0.19643        3.08899
        0.19866        2.90914
        0.20089        3.08250
        0.20312        2.89656
        0.20536        3.07444
        0.20759        2.89536
        0.20982        3.09109
        0.21205        2.91841
        0.21429        3.11090
        0.21652        2.92711
        0.21875        3.10562
        0.22098        2.91337
        0.22321        3.09560
        0.22545        2.91007
        0.22768        3.11010
        0.22991        2.93146
        0.23214        3.12920
        0.23438        2.94093
        0.23661        3.12401
        0.23884        2.92512
        0.24107        3.11175
        0.24330        2.92080
        0.24554        3.12604
        0.24777        2.94188
        0.25000        3.14656
        0.25223        2.94929
        0.25446        3.13884
        0.25670        2.92935
        0.25893        3.12144
        0.26116        2.92219
        0.26339        3.13187
        0.26562        2.94105
        0.26786        3.15408
        0.27009        2.94561
        0.27232        3.14215
        0.27455        2.91677
        0.27679        3.11439
        0.27902        2.89834
        0.28125        3.11503
        0.28348        2.90806
        0.28571        3.13035
        0.28795        2.90449
        0.29018        3.11015
        0.29241        2.85844
        0.29464        3.06592
        0.29688        2.81895
        0.29911        3.04864
        0.30134        2.81076
        0.30357        3.04993
        0.30580        2.78544
        0.30804        3.00574
        0.31027        2.70446
        0.31250        2.93330
        0.31473        2.63379
        0.31696        2.90392
        0.31920        2.61630
        0.32143        2.91853
        0.32366        2.61182
        0.32589        2.95506
        0.32812        2.67284
        0.33036        3.21363
        0.33259        3.16944
        0.33482        3.99930
        0.33705        3.98647
        0.33929        4.47147
        0.34152        3.78598
        0.34375        3.84966
        0.34598        3.11332
        0.34821        3.15650
        0.35045        2.74031
        0.35268        2.71625
        0.35491        2.49214
        0.35714        2.63744
        0.35938        2.33932
        0.36161        2.55581
        0.36384        2.30656
        0.36607        2.44392
        0.36830        2.06943
        0.37054        1.90220
        0.37277        1.55638
        0.37500        1.60463
        0.37723        1.33486
        0.37946        1.40623
        0.38170        1.16434
        0.38393        1.24193
        0.38616        1.01745
        0.38839        1.09495
        0.39062        0.88006
        0.39286        0.95280
        0.39509        0.74237
        0.39732        0.80906
        0.39955        0.60234
        0.40179        0.66270
        0.40402        0.45821
        0.40625        0.51264
        0.40848        0.30957
        0.41071        0.35567
        0.41295        0.14986
        0.41518        0.18530
        0.41741       -0.02425
        0.41964       -0.00319
        0.42188       -0.22313
        0.42411       -0.22463
        0.42634       -0.46267
        0.42857       -0.49449
        0.43080       -0.75810
        0.43304       -0.82879
        0.43527       -1.12748
        0.43750       -1.24813
        0.43973       -1.59304
        0.44196       -1.77462
        0.44420       -2.17586
        0.44643       -2.42866
        0.44866       -2.89733
        0.45089       -3.23378
        0.45312       -3.78324
        0.45536       -4.21741
        0.45759       -4.86213
        0.45982       -5.41152
        0.46205       -6.15157
        0.46429       -6.79109
        0.46652       -7.71750
        0.46875       -8.71987
        0.47098      -10.10421
        0.47321      -11.59237
        0.47545      -13.39752
        0.47768      -15.20476
        0.47991      -17.18567
        0.48214      -19.03712
        0.48438      -20.92620
        0.48661      -22.58215
        0.48884      -24.17679
        0.49107      -25.47242
        0.49330      -26.64336
        0.49554      -27.48090
        0.49777      -28.15863
        0.50000      -28.49328
        0.50223      -28.65513
        0.50446      -28.48382
        0.50670      -28.14482
        0.50893      -27.50009
        0.51116      -26.71157
        0.51339      -25.66634
        0.51562      -24.52751
        0.51786      -23.21336
        0.52009      -21.89469
        0.52232      -20.52097
        0.52455      -19.26816
        0.52679      -18.11627
        0.52902      -17.22073
        0.53125      -16.54657
        0.53348      -16.20234
        0.53571      -16.11636
        0.53795      -16.31096
        0.54018      -16.64329
        0.54241      -17.04821
        0.54464      -17.43765
        0.54688      -17.85955
        0.54911      -18.25067
        0.55134      -18.62395
        0.55357      -18.93966
        0.55580      -19.20429
        0.55804      -19.39374
        0.56027      -19.49743
        0.56250      -19.50403
        0.56473      -19.40495
        0.56696      -19.22658
        0.56920      -18.96378
        0.57143      -18.65679
        0.57366      -18.28316
        0.57589      -17.89811
        0.57812      -17.47233
        0.58036      -17.08511
        0.58259      -16.67577
        0.58482      -16.33809
        0.58705      -16.12000
        0.58929      -16.18454
        0.59152      -16.49726
        0.59375      -17.14938
        0.59598      -18.01864
        0.59821      -19.15739
        0.60045      -20.39566
        0.60268      -21.77007
        0.60491      -23.08741
        0.60714      -24.41353
        0.60938      -25.56079
        0.61161      -26.62590
        0.61384      -27.42890
        0.61607      -28.09809
        0.61830      -28.45494
        0.62054      -28.65306
        0.62277      -28.51061
        0.62500      -28.20351
        0.62723      -27.54509
        0.62946      -26.73412
        0.63170      -25.58048
        0.63393      -24.30833
        0.63616      -22.72660
        0.63839      -21.08830
        0.64062      -19.20464
        0.64286      -17.36164
        0.64509      -15.37514
        0.64732      -13.56402
        0.64955      -11.74032
        0.65179      -10.23658
        0.65402       -8.82533
        0.65625       -7.80519
        0.65848       -6.85702
        0.66071       -6.21289
        0.66295       -5.46637
        0.66518       -4.91606
        0.66741       -4.26183
        0.66964       -3.82755
        0.67188       -3.26920
        0.67411       -2.93348
        0.67634       -2.45639
        0.67857       -2.20513
        0.68080       -1.79585
        0.68304       -1.61651
        0.68527       -1.26387
        0.68750       -1.14605
        0.68973       -0.84003
        0.69196       -0.77274
        0.69420       -0.50233
        0.69643       -0.47430
        0.69866       -0.22995
        0.70089       -0.23242
        0.70312       -0.00676
        0.70536       -0.03184
        0.70759        0.18268
        0.70982        0.14332
        0.71205        0.35342
        0.71429        0.30398
        0.71652        0.51057
        0.71875        0.45333
        0.72098        0.66042
        0.72321        0.59803
        0.72545        0.80663
        0.72768        0.73856
        0.72991        0.95016
        0.73214        0.87670
        0.73438        1.09207
        0.73661        1.01426
        0.73884        1.23842
        0.74107        1.16056
        0.74330        1.40155
        0.74554        1.32960
        0.74777        1.59775
        0.75000        1.54742
        0.75223        1.88438
        0.75446        2.04994
        0.75670        2.45218
        0.75893        2.28110
        0.76116        2.57107
        0.76339        2.39760
        0.76562        2.60446
        0.76786        2.51313
        0.77009        2.78258
        0.77232        2.73973
        0.77455        3.14067
        0.77679        3.01253
        0.77902        3.77163
        0.78125        3.88039
        0.78348        4.44026
        0.78571        3.99407
        0.78795        3.94416
        0.79018        3.17542
        0.79241        3.15509
        0.79464        2.69400
        0.79688        2.89913
        0.79911        2.61857
        0.80134        2.88169
        0.80357        2.60802
        0.80580        2.87535
        0.80804        2.60652
        0.81027        2.90657
        0.81250        2.66188
        0.81473        2.99093
        0.81696        2.72567
        0.81920        3.04670
        0.82143        2.74066
        0.82366        3.04983
        0.82589        2.73808
        0.82812        3.06373
        0.83036        2.77297
        0.83259        3.10927
        0.83482        2.80847
        0.83705        3.13256
        0.83929        2.80756
        0.84152        3.12017
        0.84375        2.79240
        0.84598        3.11457
        0.84821        2.80940
        0.85045        3.13709
        0.85268        2.83150
        0.85491        3.14832
        0.85714        2.82513
        0.85938        3.12871
        0.86161        2.80421
        0.86384        3.11288
        0.86607        2.81160
        0.86830        3.12231
        0.87054        2.82744
        0.87277        3.12744
        0.87500        2.82040
        0.87723        3.10791
        0.87946        2.80014
        0.88170        3.08822
        0.88393        2.80599
        0.88616        3.09163
        0.88839        2.81938
        0.89062        3.09384
        0.89286        2.81135
        0.89509        3.07510
        0.89732        2.79258
        0.89955        3.05524
        0.90179        2.79873
        0.90402        3.05672
        0.90625        2.81190
        0.90848        3.05865
        0.91071        2.80580
        0.91295        3.03917
        0.91518        2.78663
        0.91741        3.01816
        0.91964        2.79147
        0.92188        3.01842
        0.92411        2.80503
        0.92634        3.02166
        0.92857        2.80163
        0.93080        3.00344
        0.93304        2.78296
        0.93527        2.98171
        0.93750        2.78638
        0.93973        2.98115
        0.94196        2.80252
        0.94420        2.98568
        0.94643        2.80162
        0.94866        2.96996
        0.95089        2.78365
        0.95312        2.94756
        0.95536        2.78512
        0.95759        2.94343
        0.95982        2.79918
        0.96205        2.94823
        0.96429        2.80023
        0.96652        2.93414
        0.96875        2.78618
        0.97098        2.91502
        0.97321        2.79033
        0.97545        2.91429
        0.97768        2.80778
        0.97991        2.92093
        0.98214        2.80719
        0.98438        2.90604
        0.98661        2.79269
        0.98884        2.88381
        0.99107        2.79739
        0.99330        2.88186
        0.99554        2.81600
        0.99777        2.89187
        1.00000        2.81880
