        0.00223        3.25218
        0.00446        3.25317
        0.00670        3.25489
        0.00893        3.25840
        0.01116        3.26179
        0.01339        3.26432
        0.01562        3.26344
        0.01786        3.26496
        0.02009        3.26971
        0.02232        3.28795
        0.02455        3.33013
        0.02679        3.35335
        0.02902        3.36739
        0.03125        3.37783
        0.03348        3.38394
        0.03571        3.38959
        0.03795        3.39460
        0.04018        3.40023
        0.04241        3.40528
        0.04464        3.41043
        0.04688        3.41672
        0.04911        3.42094
        0.05134        3.42050
        0.05357        3.42173
        0.05580        3.42189
        0.05804        3.42402
        0.06027        3.42549
        0.06250        3.42838
        0.06473        3.43110
        0.06696        3.43386
        0.06920        3.43141
        0.07143        3.43092
        0.07366        3.42795
        0.07589        3.42858
        0.07812        3.42545
        0.08036        3.42493
        0.08259        3.42333
        0.08482        3.42572
        0.08705        3.42252
        0.08929        3.41488
        0.09152        3.39709
        0.09375        3.39579
        0.09598        3.38556
        0.09821        3.37710
        0.10045        3.36748
        0.10268        3.36255
        0.10491        3.34368
        0.10714        3.33698
        0.10938        3.32823
        0.11161        3.31527
        0.11384        3.30807
        0.11607        3.30011
        0.11830        3.29303
        0.12054        3.28287
        0.12277        3.27140
        0.12500        3.26255
        0.12723        3.24855
        0.12946        3.24176
        0.13170        3.22651
        0.13393        3.21552
        0.13616        3.19701
        0.13839        3.18985
        0.14062        3.14802
        0.14286        3.11608
        0.14509        3.09650
        0.14732        3.06264
        0.14955        3.03381
        0.15179        3.01527
        0.15402        3.01933
        0.15625        2.95506
        0.15848        2.94212
        0.16071        2.90737
        0.16295        2.88560
        0.16518        2.84693
        0.16741        2.80986
        0.16964        2.79084
        0.17188        2.71052
        0.17411        2.69583
        0.17634        2.63876
        0.17857        2.60453
        0.18080        2.53815
        0.18304        2.51306
        0.18527        2.43001
        0.18750        2.38543
        0.18973        2.32096
        0.19196        2.26079
        0.19420        2.19784
        0.19643        2.13264
        0.19866        2.06395
        0.20089        1.99483
        0.20312        1.92106
        0.20536        1.84766
        0.20759        1.76918
        0.20982        1.69036
        0.21205        1.60794
        0.21429        1.52502
        0.21652        1.43942
        0.21875        1.35196
        0.22098        1.26243
        0.22321        1.16790
        0.22545        1.07163
        0.22768        0.96615
        0.22991        0.85967
        0.23214        0.73954
        0.23438        0.61821
        0.23661        0.47669
        0.23884        0.33155
        0.24107        0.15815
        0.24330       -0.02136
        0.24554       -0.23604
        0.24777       -0.45942
        0.25000       -0.72434
        0.25223       -1.00275
        0.25446       -1.32918
        0.25670       -1.67541
        0.25893       -2.07496
        0.26116       -2.50162
        0.26339       -2.98555
        0.26562       -3.48040
        0.26786       -4.04580
        0.27009       -4.73300
        0.27232       -5.59916
        0.27455       -6.64037
        0.27679       -7.84856
        0.27902       -9.17423
        0.28125      -10.57494
        0.28348      -11.99337
        0.28571      -13.38675
        0.28795      -14.70951
        0.29018      -15.93199
        0.29241      -17.02218
        0.29464      -17.96416
        0.29688      -18.73637
        0.29911      -19.33382
        0.30134      -19.74310
        0.30357      -19.96761
        0.30580      -20.00109
        0.30804      -19.85376
        0.31027      -19.52597
        0.31250      -19.03404
        0.31473      -18.38649
        0.31696      -17.60863
        0.31920      -16.72112
        0.32143      -15.76178
        0.32366      -14.76627
        0.32589      -13.78645
        0.32812      -12.87379
        0.33036      -12.09136
        0.33259      -11.49953
        0.33482      -11.13203
        0.33705      -11.03719
        0.33929      -11.27697
        0.34152      -11.84771
        0.34375      -12.75116
        0.34598      -13.93024
        0.34821      -15.37960
        0.35045      -17.04894
        0.35268      -18.87019
        0.35491      -20.75891
        0.35714      -22.63948
        0.35938      -24.43154
        0.36161      -26.07384
        0.36384      -27.50707
        0.36607      -28.69471
        0.36830      -29.60244
        0.37054      -30.21732
        0.37277      -30.52757
        0.37500      -30.54190
        0.37723      -30.26888
        0.37946      -29.73919
        0.38170      -28.98317
        0.38393      -28.05488
        0.38616      -26.98709
        0.38839      -25.86096
        0.39062      -24.79567
        0.39286      -23.88899
        0.39509      -23.19255
        0.39732      -22.71493
        0.39955      -22.40343
        0.40179      -22.22211
        0.40402      -22.18958
        0.40625      -22.31365
        0.40848      -22.57196
        0.41071      -22.97402
        0.41295      -23.57898
        0.41518      -24.40431
        0.41741      -25.41439
        0.41964      -26.52990
        0.42188      -27.63538
        0.42411      -28.62490
        0.42634      -29.45668
        0.42857      -30.08382
        0.43080      -30.46459
        0.43304      -30.56976
        0.43527      -30.38064
        0.43750      -29.88965
        0.43973      -29.09930
        0.44196      -28.02285
        0.44420      -26.68499
        0.44643      -25.12209
        0.44866      -23.38346
        0.45089      -21.53032
        0.45312      -19.63541
        0.45536      -17.77684
        0.45759      -16.03679
        0.45982      -14.48950
        0.46205      -13.19946
        0.46429      -12.17965
        0.46652      -11.46879
        0.46875      -11.09639
        0.47098      -11.05605
        0.47321      -11.32407
        0.47545      -11.82572
        0.47768      -12.53832
        0.47991      -13.40489
        0.48214      -14.36510
        0.48438      -15.35979
        0.48661      -16.33977
        0.48884      -17.26027
        0.49107      -18.08682
        0.49330      -18.78950
        0.49554      -19.34725
        0.49777      -19.74272
        0.50000      -19.96496
        0.50223      -20.00511
        0.50446      -19.85900
        0.50670      -19.52417
        0.50893      -19.00315
        0.51116      -18.30034
        0.51339      -17.42636
        0.51562      -16.39362
        0.51786      -15.22258
        0.52009      -13.93633
        0.52232      -12.56767
        0.52455      -11.15343
        0.52679       -9.74005
        0.52902       -8.37704
        0.53125       -7.11603
        0.53348       -6.00268
        0.53571       -5.06516
        0.53795       -4.30812
        0.54018       -3.70044
        0.54241       -3.18569
        0.54464       -2.69621
        0.54688       -2.24440
        0.54911       -1.83536
        0.55134       -1.46700
        0.55357       -1.13353
        0.55580       -0.83545
        0.55804       -0.56584
        0.56027       -0.32559
        0.56250       -0.10789
        0.56473        0.08578
        0.56696        0.26136
        0.56920        0.41764
        0.57143        0.56037
        0.57366        0.68950
        0.57589        0.80997
        0.57812        0.92174
        0.58036        1.02765
        0.58259        1.12739
        0.58482        1.22271
        0.58705        1.31395
        0.58929        1.40234
        0.59152        1.48853
        0.59375        1.57261
        0.59598        1.65519
        0.59821        1.73557
        0.60045        1.81416
        0.60268        1.88970
        0.60491        1.96316
        0.60714        2.03420
        0.60938        2.10334
        0.61161        2.16973
        0.61384        2.23415
        0.61607        2.29627
        0.61830        2.35649
        0.62054        2.41451
        0.62277        2.47002
        0.62500        2.52344
        0.62723        2.57400
        0.62946        2.62258
        0.63170        2.66801
        0.63393        2.71159
        0.63616        2.75166
        0.63839        2.79158
        0.64062        2.82601
        0.64286        2.86315
        0.64509        2.89225
        0.64732        2.92643
        0.64955        2.95090
        0.65179        2.98204
        0.65402        3.01055
        0.65625        3.02606
        0.65848        3.05928
        0.66071        3.07650
        0.66295        3.10521
        0.66518        3.13664
        0.66741        3.17201
        0.66964        3.18872
        0.67188        3.20903
        0.67411        3.22264
        0.67634        3.23271
        0.67857        3.24606
        0.68080        3.25571
        0.68304        3.26797
        0.68527        3.27819
        0.68750        3.28807
        0.68973        3.29594
        0.69196        3.30326
        0.69420        3.31157
        0.69643        3.31948
        0.69866        3.33048
        0.70089        3.34145
        0.70312        3.35325
        0.70536        3.36318
        0.70759        3.37186
        0.70982        3.37886
        0.71205        3.38734
        0.71429        3.39618
        0.71652        3.40414
        0.71875        3.41065
        0.72098        3.41798
        0.72321        3.41965
        0.72545        3.42256
        0.72768        3.42271
        0.72991        3.42393
        0.73214        3.42507
        0.73438        3.42678
        0.73661        3.42768
        0.73884        3.43019
        0.74107        3.42894
        0.74330        3.42826
        0.74554        3.42399
        0.74777        3.42205
        0.75000        3.41837
        0.75223        3.41984
        0.75446        3.41707
        0.75670        3.41649
        0.75893        3.41487
        0.76116        3.41033
        0.76339        3.40443
        0.76562        3.39838
        0.76786        3.39257
        0.77009        3.38725
        0.77232        3.38087
        0.77455        3.37656
        0.77679        3.36643
        0.77902        3.35461
        0.78125        3.33692
        0.78348        3.30842
        0.78571        3.27029
        0.78795        3.26282
        0.79018        3.26098
        0.79241        3.26123
        0.79464        3.25981
        0.79688        3.25765
        0.79911        3.25427
        0.80134        3.25045
        0.80357        3.24704
        0.80580        3.24750
        0.80804        3.24984
        0.81027        3.25266
        0.81250        3.25251
        0.81473        3.25368
        0.81696        3.25044
        0.81920        3.24637
        0.82143        3.24446
        0.82366        3.24505
        0.82589        3.24727
        0.82812        3.25219
        0.83036        3.25317
        0.83259        3.25486
        0.83482        3.25153
        0.83705        3.24960
        0.83929        3.24583
        0.84152        3.24878
        0.84375        3.25083
        0.84598        3.25656
        0.84821        3.25839
        0.85045        3.26007
        0.85268        3.25592
        0.85491        3.25470
        0.85714        3.25251
        0.85938        3.25349
        0.86161        3.25989
        0.86384        3.26618
        0.86607        3.27207
        0.86830        3.27584
        0.87054        3.27606
        0.87277        3.27599
        0.87500        3.27669
        0.87723        3.29817
        0.87946        3.31792
        0.88170        3.33355
        0.88393        3.34513
        0.88616        3.35178
        0.88839        3.35143
        0.89062        3.35039
        0.89286        3.35119
        0.89509        3.35227
        0.89732        3.35407
        0.89955        3.35898
        0.90179        3.36146
        0.90402        3.36333
        0.90625        3.36038
        0.90848        3.35715
        0.91071        3.35545
        0.91295        3.35359
        0.91518        3.35307
        0.91741        3.35357
        0.91964        3.35311
        0.92188        3.35030
        0.92411        3.34027
        0.92634        3.32760
        0.92857        3.30971
        0.93080        3.28338
        0.93304        3.27903
        0.93527        3.27856
        0.93750        3.27581
        0.93973        3.27553
        0.94196        3.26873
        0.94420        3.26490
        0.94643        3.25821
        0.94866        3.25606
        0.95089        3.25572
        0.95312        3.25928
        0.95536        3.25858
        0.95759        3.26193
        0.95982        3.26126
        0.96205        3.25597
        0.96429        3.25182
        0.96652        3.25107
        0.96875        3.25190
        0.97098        3.25266
        0.97321        3.25560
        0.97545        3.25686
        0.97768        3.25626
        0.97991        3.25308
        0.98214        3.24713
        0.98438        3.24505
        0.98661        3.24988
        0.98884        3.25082
        0.99107        3.25366
        0.99330        3.25861
        0.99554        3.25740
        0.99777        3.25471
        1.00000        3.25144
