        0.00223        1.80108
        0.00446        1.79875
        0.00670        1.80044
        0.00893        1.80647
        0.01116        1.81264
        0.01339        1.81227
        0.01562        1.81403
        0.01786        1.81277
        0.02009        1.80440
        0.02232        1.80075
        0.02455        1.80322
        0.02679        1.80871
        0.02902        1.81574
        0.03125        1.81479
        0.03348        1.81716
        0.03571        1.81567
        0.03795        1.80724
        0.04018        1.80155
        0.04241        1.80537
        0.04464        1.81129
        0.04688        1.81996
        0.04911        1.81827
        0.05134        1.81980
        0.05357        1.81884
        0.05580        1.80982
        0.05804        1.80265
        0.06027        1.80515
        0.06250        1.81100
        0.06473        1.81797
        0.06696        1.81722
        0.06920        1.81673
        0.07143        1.81682
        0.07366        1.80653
        0.07589        1.79981
        0.07812        1.80165
        0.08036        1.80634
        0.08259        1.81580
        0.08482        1.81451
        0.08705        1.81454
        0.08929        1.81341
        0.09152        1.80418
        0.09375        1.79761
        0.09598        1.79980
        0.09821        1.80339
        0.10045        1.81344
        0.10268        1.81197
        0.10491        1.81241
        0.10714        1.81040
        0.10938        1.80234
        0.11161        1.79544
        0.11384        1.79758
        0.11607        1.80044
        0.11830        1.81028
        0.12054        1.80872
        0.12277        1.80942
        0.12500        1.80683
        0.12723        1.80045
        0.12946        1.79348
        0.13170        1.79548
        0.13393        1.79753
        0.13616        1.80755
        0.13839        1.80604
        0.14062        1.80660
        0.14286        1.80381
        0.14509        1.79853
        0.14732        1.79145
        0.14955        1.79339
        0.15179        1.79467
        0.15402        1.80463
        0.15625        1.80320
        0.15848        1.80384
        0.16071        1.80078
        0.16295        1.79626
        0.16518        1.78914
        0.16741        1.79132
        0.16964        1.79208
        0.17188        1.80159
        0.17411        1.80082
        0.17634        1.80197
        0.17857        1.79881
        0.18080        1.79530
        0.18304        1.78791
        0.18527        1.79027
        0.18750        1.79063
        0.18973        1.80006
        0.19196        1.79935
        0.19420        1.80074
        0.19643        1.79729
        0.19866        1.79495
        0.20089        1.78638
        0.20312        1.78866
        0.20536        1.78854
        0.20759        1.79769
        0.20982        1.79714
        0.21205        1.79878
        0.21429        1.79511
        0.21652        1.79342
        0.21875        1.78454
        0.22098        1.78696
        0.22321        1.78657
        0.22545        1.79561
        0.22768        1.79518
        0.22991        1.79726
        0.23214        1.79335
        0.23438        1.79201
        0.23661        1.78295
        0.23884        1.78545
        0.24107        1.78473
        0.24330        1.79377
        0.24554        1.79338
        0.24777        1.79576
        0.25000        1.79149
        0.25223        1.79051
        0.25446        1.78127
        0.25670        1.78378
        0.25893        1.78280
        0.26116        1.79196
        0.26339        1.79158
        0.26562        1.79436
        0.26786        1.78980
        0.27009        1.78919
        0.27232        1.77973
        0.27455        1.78208
        0.27679        1.78068
        0.27902        1.78977
        0.28125        1.78926
        0.28348        1.79216
        0.28571        1.78704
        0.28795        1.78651
        0.29018        1.77675
        0.29241        1.77885
        0.29464        1.77683
        0.29688        1.78583
        0.29911        1.78458
        0.30134        1.78729
        0.30357        1.78099
        0.30580        1.77993
        0.30804        1.76968
        0.31027        1.77095
        0.31250        1.76766
        0.31473        1.77596
        0.31696        1.77265
        0.31920        1.77377
        0.32143        1.76315
        0.32366        1.75991
        0.32589        1.74474
        0.32812        1.74393
        0.33036        1.73449
        0.33259        1.73990
        0.33482        1.73116
        0.33705        1.72635
        0.33929        1.71062
        0.34152        1.70004
        0.34375        1.67696
        0.34598        1.67063
        0.34821        1.65600
        0.35045        1.64888
        0.35268        1.63340
        0.35491        1.62577
        0.35714        1.60006
        0.35938        1.58244
        0.36161        1.55027
        0.36384        1.53762
        0.36607        1.50404
        0.36830        1.48648
        0.37054        1.45973
        0.37277        1.42927
        0.37500        1.38527
        0.37723        1.36119
        0.37946        1.33796
        0.38170        1.29565
        0.38393        1.22441
        0.38616        1.20135
        0.38839        1.13858
        0.39062        1.09858
        0.39286        1.03896
        0.39509        0.98276
        0.39732        0.92199
        0.39955        0.85079
        0.40179        0.79808
        0.40402        0.72599
        0.40625        0.62999
        0.40848        0.60602
        0.41071        0.46795
        0.41295        0.41642
        0.41518        0.31039
        0.41741        0.23106
        0.41964        0.12839
        0.42188        0.03510
        0.42411       -0.06684
        0.42634       -0.16962
        0.42857       -0.27094
        0.43080       -0.38297
        0.43304       -0.49008
        0.43527       -0.61412
        0.43750       -0.73171
        0.43973       -0.87001
        0.44196       -1.00166
        0.44420       -1.16208
        0.44643       -1.31777
        0.44866       -1.51223
        0.45089       -1.70333
        0.45312       -1.94322
        0.45536       -2.18455
        0.45759       -2.48617
        0.45982       -2.79875
        0.46205       -3.18094
        0.46429       -3.58503
        0.46652       -4.06628
        0.46875       -4.58438
        0.47098       -5.16346
        0.47321       -5.79843
        0.47545       -6.61695
        0.47768       -7.61871
        0.47991       -8.83216
        0.48214      -10.18295
        0.48438      -11.63589
        0.48661      -13.09767
        0.48884      -14.52667
        0.49107      -15.84746
        0.49330      -17.03511
        0.49554      -18.03754
        0.49777      -18.84748
        0.50000      -19.43253
        0.50223      -19.80431
        0.50446      -19.94896
        0.50670      -19.88643
        0.50893      -19.61514
        0.51116      -19.16528
        0.51339      -18.55408
        0.51562      -17.82319
        0.51786      -16.98445
        0.52009      -16.13982
        0.52232      -15.38711
        0.52455      -14.85608
        0.52679      -14.63861
        0.52902      -14.81782
        0.53125      -15.39823
        0.53348      -16.34272
        0.53571      -17.51800
        0.53795      -18.82341
        0.54018      -20.20856
        0.54241      -21.61610
        0.54464      -22.97199
        0.54688      -24.22875
        0.54911      -25.33133
        0.55134      -26.25630
        0.55357      -26.97945
        0.55580      -27.49548
        0.55804      -27.74686
        0.56027      -27.68575
        0.56250      -27.32077
        0.56473      -26.72319
        0.56696      -25.91812
        0.56920      -24.92360
        0.57143      -23.75402
        0.57366      -22.45469
        0.57589      -21.06940
        0.57812      -19.66402
        0.58036      -18.30145
        0.58259      -17.04255
        0.58482      -15.93646
        0.58705      -15.12556
        0.58929      -14.69580
        0.59152      -14.67893
        0.59375      -15.02556
        0.59598      -15.65955
        0.59821      -16.45833
        0.60045      -17.31669
        0.60268      -18.11772
        0.60491      -18.80612
        0.60714      -19.35684
        0.60938      -19.74242
        0.61161      -19.93189
        0.61384      -19.91756
        0.61607      -19.68277
        0.61830      -19.23054
        0.62054      -18.55465
        0.62277      -17.67015
        0.62500      -16.58971
        0.62723      -15.34873
        0.62946      -13.97693
        0.63170      -12.53161
        0.63393      -11.06142
        0.63616       -9.64427
        0.63839       -8.33533
        0.64062       -7.20581
        0.64286       -6.27099
        0.64509       -5.53746
        0.64732       -4.92834
        0.64955       -4.37878
        0.65179       -3.86575
        0.65402       -3.42458
        0.65625       -3.02003
        0.65848       -2.67512
        0.66071       -2.35746
        0.66295       -2.08981
        0.66518       -1.83975
        0.66741       -1.62882
        0.66964       -1.42768
        0.67188       -1.25701
        0.67411       -1.09214
        0.67634       -0.95016
        0.67857       -0.81007
        0.68080       -0.68545
        0.68304       -0.56048
        0.68527       -0.44751
        0.68750       -0.33454
        0.68973       -0.23037
        0.69196       -0.12550
        0.69420       -0.02523
        0.69643        0.07436
        0.69866        0.17172
        0.70089        0.26432
        0.70312        0.35511
        0.70536        0.43868
        0.70759        0.52143
        0.70982        0.59839
        0.71205        0.67528
        0.71429        0.74578
        0.71652        0.81771
        0.71875        0.88134
        0.72098        0.94775
        0.72321        1.00451
        0.72545        1.06393
        0.72768        1.11464
        0.72991        1.16757
        0.73214        1.21274
        0.73438        1.25925
        0.73661        1.29872
        0.73884        1.33793
        0.74107        1.37476
        0.74330        1.40868
        0.74554        1.44083
        0.74777        1.47040
        0.75000        1.49705
        0.75223        1.51768
        0.75446        1.54499
        0.75670        1.56704
        0.75893        1.59090
        0.76116        1.61302
        0.76339        1.63070
        0.76562        1.64326
        0.76786        1.65462
        0.77009        1.66249
        0.77232        1.67640
        0.77455        1.68885
        0.77679        1.70672
        0.77902        1.71799
        0.78125        1.73097
        0.78348        1.73657
        0.78571        1.73889
        0.78795        1.74067
        0.79018        1.74616
        0.79241        1.75350
        0.79464        1.76286
        0.79688        1.76908
        0.79911        1.77511
        0.80134        1.77615
        0.80357        1.77281
        0.80580        1.77035
        0.80804        1.77161
        0.81027        1.77595
        0.81250        1.78169
        0.81473        1.78479
        0.81696        1.78799
        0.81920        1.78730
        0.82143        1.78260
        0.82366        1.77873
        0.82589        1.77940
        0.82812        1.78278
        0.83036        1.78817
        0.83259        1.79024
        0.83482        1.79284
        0.83705        1.79148
        0.83929        1.78667
        0.84152        1.78214
        0.84375        1.78276
        0.84598        1.78541
        0.84821        1.79093
        0.85045        1.79278
        0.85268        1.79511
        0.85491        1.79374
        0.85714        1.78906
        0.85938        1.78410
        0.86161        1.78452
        0.86384        1.78662
        0.86607        1.79263
        0.86830        1.79433
        0.87054        1.79667
        0.87277        1.79538
        0.87500        1.79125
        0.87723        1.78570
        0.87946        1.78674
        0.88170        1.78803
        0.88393        1.79389
        0.88616        1.79634
        0.88839        1.79800
        0.89062        1.79723
        0.89286        1.79312
        0.89509        1.78770
        0.89732        1.78799
        0.89955        1.78921
        0.90179        1.79588
        0.90402        1.79793
        0.90625        1.79964
        0.90848        1.79893
        0.91071        1.79548
        0.91295        1.78955
        0.91518        1.78983
        0.91741        1.79070
        0.91964        1.79781
        0.92188        1.80004
        0.92411        1.80159
        0.92634        1.80102
        0.92857        1.79785
        0.93080        1.79148
        0.93304        1.79145
        0.93527        1.79195
        0.93750        1.79910
        0.93973        1.80149
        0.94196        1.80269
        0.94420        1.80235
        0.94643        1.79954
        0.94866        1.79289
        0.95089        1.79263
        0.95312        1.79316
        0.95536        1.80042
        0.95759        1.80341
        0.95982        1.80442
        0.96205        1.80468
        0.96429        1.80223
        0.96652        1.79540
        0.96875        1.79467
        0.97098        1.79554
        0.97321        1.80271
        0.97545        1.80632
        0.97768        1.80692
        0.97991        1.80772
        0.98214        1.80538
        0.98438        1.79818
        0.98661        1.79676
        0.98884        1.79788
        0.99107        1.80468
        0.99330        1.80918
        0.99554        1.80927
        0.99777        1.81062
        1.00000        1.80876
