        0.00223        2.64912
        0.00446        2.65666
        0.00670        2.66576
        0.00893        2.67327
        0.01116        2.66699
        0.01339        2.65954
        0.01562        2.65206
        0.01786        2.64852
        0.02009        2.64938
        0.02232        2.65612
        0.02455        2.66404
        0.02679        2.67225
        0.02902        2.66645
        0.03125        2.65948
        0.03348        2.65012
        0.03571        2.64714
        0.03795        2.64868
        0.04018        2.65482
        0.04241        2.66415
        0.04464        2.67287
        0.04688        2.66806
        0.04911        2.66142
        0.05134        2.65154
        0.05357        2.64824
        0.05580        2.64891
        0.05804        2.65501
        0.06027        2.66455
        0.06250        2.67320
        0.06473        2.66951
        0.06696        2.66366
        0.06920        2.65402
        0.07143        2.65070
        0.07366        2.65129
        0.07589        2.65660
        0.07812        2.66517
        0.08036        2.67334
        0.08259        2.67076
        0.08482        2.66455
        0.08705        2.65450
        0.08929        2.65070
        0.09152        2.65099
        0.09375        2.65659
        0.09598        2.66514
        0.09821        2.67354
        0.10045        2.67167
        0.10268        2.66560
        0.10491        2.65591
        0.10714        2.65276
        0.10938        2.65263
        0.11161        2.65805
        0.11384        2.66746
        0.11607        2.67555
        0.11830        2.67445
        0.12054        2.66832
        0.12277        2.65811
        0.12500        2.65461
        0.12723        2.65323
        0.12946        2.65827
        0.13170        2.66688
        0.13393        2.67422
        0.13616        2.67430
        0.13839        2.66787
        0.14062        2.65677
        0.14286        2.65287
        0.14509        2.65096
        0.14732        2.65554
        0.14955        2.66397
        0.15179        2.67139
        0.15402        2.67224
        0.15625        2.66648
        0.15848        2.65567
        0.16071        2.65139
        0.16295        2.64975
        0.16518        2.65465
        0.16741        2.66287
        0.16964        2.67093
        0.17188        2.67262
        0.17411        2.66641
        0.17634        2.65572
        0.17857        2.65089
        0.18080        2.64768
        0.18304        2.65243
        0.18527        2.65980
        0.18750        2.66835
        0.18973        2.67068
        0.19196        2.66384
        0.19420        2.65289
        0.19643        2.64782
        0.19866        2.64235
        0.20089        2.64789
        0.20312        2.65491
        0.20536        2.66312
        0.20759        2.66699
        0.20982        2.65974
        0.21205        2.64803
        0.21429        2.64154
        0.21652        2.63617
        0.21875        2.64192
        0.22098        2.64809
        0.22321        2.65768
        0.22545        2.66117
        0.22768        2.65309
        0.22991        2.63933
        0.23214        2.63118
        0.23438        2.62334
        0.23661        2.62784
        0.23884        2.63187
        0.24107        2.64126
        0.24330        2.64142
        0.24554        2.63131
        0.24777        2.61435
        0.25000        2.60547
        0.25223        2.59298
        0.25446        2.59574
        0.25670        2.59309
        0.25893        2.59985
        0.26116        2.59775
        0.26339        2.58401
        0.26562        2.56366
        0.26786        2.55195
        0.27009        2.53540
        0.27232        2.53199
        0.27455        2.52302
        0.27679        2.51990
        0.27902        2.50350
        0.28125        2.49428
        0.28348        2.46720
        0.28571        2.45346
        0.28795        2.42540
        0.29018        2.40860
        0.29241        2.38682
        0.29464        2.36606
        0.29688        2.34672
        0.29911        2.32542
        0.30134        2.29357
        0.30357        2.26724
        0.30580        2.22847
        0.30804        2.18878
        0.31027        2.15600
        0.31250        2.12030
        0.31473        2.08096
        0.31696        2.04218
        0.31920        1.99580
        0.32143        1.95181
        0.32366        1.89617
        0.32589        1.84971
        0.32812        1.79294
        0.33036        1.73210
        0.33259        1.67650
        0.33482        1.61883
        0.33705        1.55360
        0.33929        1.49185
        0.34152        1.41835
        0.34375        1.35261
        0.34598        1.27369
        0.34821        1.21015
        0.35045        1.11993
        0.35268        1.02931
        0.35491        0.96195
        0.35714        0.87187
        0.35938        0.78735
        0.36161        0.69191
        0.36384        0.59659
        0.36607        0.49145
        0.36830        0.38289
        0.37054        0.26094
        0.37277        0.13898
        0.37500       -0.00145
        0.37723       -0.14729
        0.37946       -0.31434
        0.38170       -0.49206
        0.38393       -0.69575
        0.38616       -0.91482
        0.38839       -1.16458
        0.39062       -1.43295
        0.39286       -1.73698
        0.39509       -2.06680
        0.39732       -2.43487
        0.39955       -2.81752
        0.40179       -3.27106
        0.40402       -3.82175
        0.40625       -4.49450
        0.40848       -5.26450
        0.41071       -6.11493
        0.41295       -6.99633
        0.41518       -7.88242
        0.41741       -8.72737
        0.41964       -9.51382
        0.42188      -10.20865
        0.42411      -10.80589
        0.42634      -11.28428
        0.42857      -11.64754
        0.43080      -11.88484
        0.43304      -12.00819
        0.43527      -12.01619
        0.43750      -11.92893
        0.43973      -11.75450
        0.44196      -11.52252
        0.44420      -11.24975
        0.44643      -10.96132
        0.44866      -10.72263
        0.45089      -10.62738
        0.45312      -10.73833
        0.45536      -11.10419
        0.45759      -11.72763
        0.45982      -12.58481
        0.46205      -13.60310
        0.46429      -14.68511
        0.46652      -15.82405
        0.46875      -17.05405
        0.47098      -18.36251
        0.47321      -19.73537
        0.47545      -21.12813
        0.47768      -22.49971
        0.47991      -23.79394
        0.48214      -24.96888
        0.48438      -25.97795
        0.48661      -26.79288
        0.48884      -27.38367
        0.49107      -27.73799
        0.49330      -27.84161
        0.49554      -27.69637
        0.49777      -27.30195
        0.50000      -26.67372
        0.50223      -25.82579
        0.50446      -24.78791
        0.50670      -23.58919
        0.50893      -22.27246
        0.51116      -20.87655
        0.51339      -19.44731
        0.51562      -18.01681
        0.51786      -16.61443
        0.52009      -15.24727
        0.52232      -13.91852
        0.52455      -12.61254
        0.52679      -11.35129
        0.52902      -10.19020
        0.53125       -9.17080
        0.53348       -8.32625
        0.53571       -7.67813
        0.53795       -7.22418
        0.54018       -6.94035
        0.54241       -6.77832
        0.54464       -6.70249
        0.54688       -6.73138
        0.54911       -6.85329
        0.55134       -7.07250
        0.55357       -7.44317
        0.55580       -7.99833
        0.55804       -8.75301
        0.56027       -9.69399
        0.56250      -10.79383
        0.56473      -12.01404
        0.56696      -13.30619
        0.56920      -14.62226
        0.57143      -15.97132
        0.57366      -17.35719
        0.57589      -18.77745
        0.57812      -20.21070
        0.58036      -21.62769
        0.58259      -22.98633
        0.58482      -24.24577
        0.58705      -25.36293
        0.58929      -26.30364
        0.59152      -27.03691
        0.59375      -27.54269
        0.59598      -27.80498
        0.59821      -27.81800
        0.60045      -27.57981
        0.60268      -27.09799
        0.60491      -26.38502
        0.60714      -25.46313
        0.60938      -24.36089
        0.61161      -23.11687
        0.61384      -21.77527
        0.61607      -20.38611
        0.61830      -18.99868
        0.62054      -17.65611
        0.62277      -16.38835
        0.62500      -15.20706
        0.62723      -14.10459
        0.62946      -13.04755
        0.63170      -12.10233
        0.63393      -11.36489
        0.63616      -10.87686
        0.63839      -10.65066
        0.64062      -10.65662
        0.64286      -10.83831
        0.64509      -11.11504
        0.64732      -11.40021
        0.64955      -11.65258
        0.65179      -11.85788
        0.65402      -11.98763
        0.65625      -12.02633
        0.65848      -11.95779
        0.66071      -11.77458
        0.66295      -11.47016
        0.66518      -11.04521
        0.66741      -10.50243
        0.66964       -9.85146
        0.67188       -9.10552
        0.67411       -8.28466
        0.67634       -7.41406
        0.67857       -6.52566
        0.68080       -5.65622
        0.68304       -4.84410
        0.68527       -4.12340
        0.68750       -3.51545
        0.68973       -3.01985
        0.69196       -2.61060
        0.69420       -2.23818
        0.69643       -1.88731
        0.69866       -1.57366
        0.70089       -1.28730
        0.70312       -1.03074
        0.70536       -0.79630
        0.70759       -0.58657
        0.70982       -0.39630
        0.71205       -0.22557
        0.71429       -0.06856
        0.71652        0.07192
        0.71875        0.20471
        0.72098        0.32461
        0.72321        0.43881
        0.72545        0.54950
        0.72768        0.64399
        0.72991        0.74355
        0.73214        0.83030
        0.73438        0.91888
        0.73661        0.99652
        0.73884        1.08736
        0.74107        1.16169
        0.74330        1.23577
        0.74554        1.31431
        0.74777        1.38785
        0.75000        1.45557
        0.75223        1.52470
        0.75446        1.58732
        0.75670        1.64857
        0.75893        1.70488
        0.76116        1.76287
        0.76339        1.81962
        0.76562        1.87406
        0.76786        1.92432
        0.77009        1.97334
        0.77232        2.02020
        0.77455        2.05954
        0.77679        2.10186
        0.77902        2.13650
        0.78125        2.17283
        0.78348        2.20876
        0.78571        2.24248
        0.78795        2.28477
        0.79018        2.31395
        0.79241        2.33304
        0.79464        2.35616
        0.79688        2.38142
        0.79911        2.39547
        0.80134        2.41293
        0.80357        2.44040
        0.80580        2.45968
        0.80804        2.47816
        0.81027        2.50102
        0.81250        2.51151
        0.81473        2.52099
        0.81696        2.52497
        0.81920        2.53293
        0.82143        2.54244
        0.82366        2.55772
        0.82589        2.57164
        0.82812        2.59029
        0.83036        2.59808
        0.83259        2.59696
        0.83482        2.59457
        0.83705        2.59286
        0.83929        2.59810
        0.84152        2.60778
        0.84375        2.62181
        0.84598        2.63531
        0.84821        2.64061
        0.85045        2.63494
        0.85268        2.62763
        0.85491        2.62458
        0.85714        2.62623
        0.85938        2.63312
        0.86161        2.64591
        0.86384        2.65492
        0.86607        2.65759
        0.86830        2.65104
        0.87054        2.64171
        0.87277        2.63783
        0.87500        2.63717
        0.87723        2.64242
        0.87946        2.65276
        0.88170        2.66133
        0.88393        2.66363
        0.88616        2.65624
        0.88839        2.64772
        0.89062        2.64397
        0.89286        2.64367
        0.89509        2.64713
        0.89732        2.65774
        0.89955        2.66478
        0.90179        2.66862
        0.90402        2.66114
        0.90625        2.65328
        0.90848        2.64792
        0.91071        2.64758
        0.91295        2.65028
        0.91518        2.65959
        0.91741        2.66685
        0.91964        2.67155
        0.92188        2.66369
        0.92411        2.65571
        0.92634        2.64989
        0.92857        2.64824
        0.93080        2.65058
        0.93304        2.65904
        0.93527        2.66653
        0.93750        2.67251
        0.93973        2.66480
        0.94196        2.65705
        0.94420        2.65111
        0.94643        2.64888
        0.94866        2.65168
        0.95089        2.66010
        0.95312        2.66847
        0.95536        2.67593
        0.95759        2.66769
        0.95982        2.66017
        0.96205        2.65347
        0.96429        2.65071
        0.96652        2.65368
        0.96875        2.66069
        0.97098        2.66943
        0.97321        2.67588
        0.97545        2.66951
        0.97768        2.66048
        0.97991        2.65226
        0.98214        2.64997
        0.98438        2.65060
        0.98661        2.65827
        0.98884        2.66602
        0.99107        2.67403
        0.99330        2.66653
        0.99554        2.65946
        0.99777        2.65130
        1.00000        2.64800
