        0.00223        1.80682
        0.00446        1.80984
        0.00670        1.80120
        0.00893        1.80554
        0.01116        1.81498
        0.01339        1.80141
        0.01562        1.79762
        0.01786        1.80071
        0.02009        1.80694
        0.02232        1.81074
        0.02455        1.80036
        0.02679        1.80402
        0.02902        1.81547
        0.03125        1.80279
        0.03348        1.79818
        0.03571        1.80093
        0.03795        1.80624
        0.04018        1.81281
        0.04241        1.80085
        0.04464        1.80392
        0.04688        1.81496
        0.04911        1.80465
        0.05134        1.79939
        0.05357        1.80197
        0.05580        1.80675
        0.05804        1.81718
        0.06027        1.80329
        0.06250        1.80594
        0.06473        1.81526
        0.06696        1.80773
        0.06920        1.80109
        0.07143        1.80268
        0.07366        1.80666
        0.07589        1.82017
        0.07812        1.80428
        0.08036        1.80634
        0.08259        1.81314
        0.08482        1.80775
        0.08705        1.80078
        0.08929        1.80194
        0.09152        1.80516
        0.09375        1.82022
        0.09598        1.80480
        0.09821        1.80615
        0.10045        1.81084
        0.10268        1.80863
        0.10491        1.79989
        0.10714        1.80099
        0.10938        1.80326
        0.11161        1.81714
        0.11384        1.80442
        0.11607        1.80502
        0.11830        1.80822
        0.12054        1.80813
        0.12277        1.79867
        0.12500        1.80019
        0.12723        1.80161
        0.12946        1.81485
        0.13170        1.80478
        0.13393        1.80464
        0.13616        1.80653
        0.13839        1.80774
        0.14062        1.79747
        0.14286        1.80016
        0.14509        1.80015
        0.14732        1.81259
        0.14955        1.80413
        0.15179        1.80415
        0.15402        1.80480
        0.15625        1.80715
        0.15848        1.79610
        0.16071        1.79961
        0.16295        1.79856
        0.16518        1.80990
        0.16741        1.80389
        0.16964        1.80386
        0.17188        1.80331
        0.17411        1.80603
        0.17634        1.79529
        0.17857        1.79848
        0.18080        1.79656
        0.18304        1.80733
        0.18527        1.80328
        0.18750        1.80322
        0.18973        1.80148
        0.19196        1.80470
        0.19420        1.79421
        0.19643        1.79718
        0.19866        1.79450
        0.20089        1.80514
        0.20312        1.80195
        0.20536        1.80225
        0.20759        1.79975
        0.20982        1.80316
        0.21205        1.79265
        0.21429        1.79600
        0.21652        1.79255
        0.21875        1.80347
        0.22098        1.80030
        0.22321        1.80114
        0.22545        1.79804
        0.22768        1.80174
        0.22991        1.79134
        0.23214        1.79487
        0.23438        1.79063
        0.23661        1.80172
        0.23884        1.79869
        0.24107        1.79997
        0.24330        1.79566
        0.24554        1.80053
        0.24777        1.78972
        0.25000        1.79355
        0.25223        1.78812
        0.25446        1.79994
        0.25670        1.79575
        0.25893        1.79851
        0.26116        1.79392
        0.26339        1.79870
        0.26562        1.78804
        0.26786        1.79180
        0.27009        1.78572
        0.27232        1.79774
        0.27455        1.79314
        0.27679        1.79658
        0.27902        1.79123
        0.28125        1.79611
        0.28348        1.78509
        0.28571        1.78854
        0.28795        1.78177
        0.29018        1.79375
        0.29241        1.78853
        0.29464        1.79257
        0.29688        1.78596
        0.29911        1.79052
        0.30134        1.77839
        0.30357        1.78140
        0.30580        1.77305
        0.30804        1.78454
        0.31027        1.77709
        0.31250        1.78160
        0.31473        1.77081
        0.31696        1.77412
        0.31920        1.75708
        0.32143        1.75777
        0.32366        1.74411
        0.32589        1.75279
        0.32812        1.73768
        0.33036        1.74105
        0.33259        1.72049
        0.33482        1.72029
        0.33705        1.69399
        0.33929        1.69232
        0.34152        1.66923
        0.34375        1.67006
        0.34598        1.64686
        0.34821        1.64651
        0.35045        1.62109
        0.35268        1.60625
        0.35491        1.56987
        0.35714        1.55793
        0.35938        1.52626
        0.36161        1.51978
        0.36384        1.47876
        0.36607        1.47702
        0.36830        1.42332
        0.37054        1.39601
        0.37277        1.37099
        0.37500        1.34749
        0.37723        1.27664
        0.37946        1.24670
        0.38170        1.20342
        0.38393        1.15832
        0.38616        1.09587
        0.38839        1.05472
        0.39062        1.00010
        0.39286        0.92815
        0.39509        0.87676
        0.39732        0.81346
        0.39955        0.69935
        0.40179        0.72188
        0.40402        0.55402
        0.40625        0.51615
        0.40848        0.41520
        0.41071        0.34207
        0.41295        0.24317
        0.41518        0.14556
        0.41741        0.04993
        0.41964       -0.06153
        0.42188       -0.15416
        0.42411       -0.26974
        0.42634       -0.36675
        0.42857       -0.49312
        0.43080       -0.60394
        0.43304       -0.74635
        0.43527       -0.86781
        0.43750       -1.02588
        0.43973       -1.16070
        0.44196       -1.34400
        0.44420       -1.50814
        0.44643       -1.73235
        0.44866       -1.94287
        0.45089       -2.22217
        0.45312       -2.49726
        0.45536       -2.85154
        0.45759       -3.21519
        0.45982       -3.66678
        0.46205       -4.14237
        0.46429       -4.71483
        0.46652       -5.33430
        0.46875       -6.03785
        0.47098       -6.80087
        0.47321       -7.78977
        0.47545       -9.00986
        0.47768      -10.50689
        0.47991      -12.18857
        0.48214      -14.01779
        0.48438      -15.87292
        0.48661      -17.70600
        0.48884      -19.41435
        0.49107      -20.96988
        0.49330      -22.30039
        0.49554      -23.40188
        0.49777      -24.23187
        0.50000      -24.80487
        0.50223      -25.07608
        0.50446      -25.11645
        0.50670      -24.98113
        0.50893      -24.74942
        0.51116      -24.46702
        0.51339      -24.20444
        0.51562      -23.97189
        0.51786      -23.81069
        0.52009      -23.73129
        0.52232      -23.79021
        0.52455      -24.00978
        0.52679      -24.43056
        0.52902      -25.01974
        0.53125      -25.72363
        0.53348      -26.39686
        0.53571      -26.94037
        0.53795      -27.34574
        0.54018      -27.61960
        0.54241      -27.73986
        0.54464      -27.71755
        0.54688      -27.54090
        0.54911      -27.22427
        0.55134      -26.76936
        0.55357      -26.18253
        0.55580      -25.47651
        0.55804      -24.80571
        0.56027      -24.26426
        0.56250      -23.91814
        0.56473      -23.75275
        0.56696      -23.75081
        0.56920      -23.85750
        0.57143      -24.05060
        0.57366      -24.29144
        0.57589      -24.56957
        0.57812      -24.83712
        0.58036      -25.04754
        0.58259      -25.12511
        0.58482      -25.01949
        0.58705      -24.64177
        0.58929      -23.98186
        0.59152      -23.05432
        0.59375      -21.87573
        0.59598      -20.45986
        0.59821      -18.85078
        0.60045      -17.08790
        0.60268      -15.24351
        0.60491      -13.38254
        0.60714      -11.59979
        0.60938       -9.96786
        0.61161       -8.56834
        0.61384       -7.42333
        0.61607       -6.52876
        0.61830       -5.79095
        0.62054       -5.12103
        0.62277       -4.50896
        0.62500       -3.98037
        0.62723       -3.50372
        0.62946       -3.09321
        0.63170       -2.72269
        0.63393       -2.40715
        0.63616       -2.12016
        0.63839       -1.87612
        0.64062       -1.65015
        0.64286       -1.45800
        0.64509       -1.27687
        0.64732       -1.12119
        0.64955       -0.96882
        0.65179       -0.83271
        0.65402       -0.69569
        0.65625       -0.57144
        0.65848       -0.44864
        0.66071       -0.33851
        0.66295       -0.22987
        0.66518       -0.12766
        0.66741       -0.02282
        0.66964        0.07808
        0.67188        0.17909
        0.67411        0.27421
        0.67634        0.36411
        0.67857        0.44910
        0.68080        0.52843
        0.68304        0.60685
        0.68527        0.67902
        0.68750        0.75287
        0.68973        0.82093
        0.69196        0.88702
        0.69420        0.95082
        0.69643        1.00814
        0.69866        1.06608
        0.70089        1.11756
        0.70312        1.17014
        0.70536        1.21336
        0.70759        1.25881
        0.70982        1.29615
        0.71205        1.33853
        0.71429        1.35850
        0.71652        1.41078
        0.71875        1.44136
        0.72098        1.47516
        0.72321        1.49266
        0.72545        1.51698
        0.72768        1.53487
        0.72991        1.56120
        0.73214        1.57790
        0.73438        1.60674
        0.73661        1.62634
        0.73884        1.64425
        0.74107        1.65078
        0.74330        1.66846
        0.74554        1.67556
        0.74777        1.68913
        0.75000        1.69755
        0.75223        1.71750
        0.75446        1.72594
        0.75670        1.73719
        0.75893        1.74230
        0.76116        1.74859
        0.76339        1.74569
        0.76562        1.75423
        0.76786        1.75826
        0.77009        1.76860
        0.77232        1.77049
        0.77455        1.77696
        0.77679        1.77888
        0.77902        1.77978
        0.78125        1.77213
        0.78348        1.77748
        0.78571        1.77859
        0.78795        1.78467
        0.79018        1.78402
        0.79241        1.78813
        0.79464        1.78933
        0.79688        1.78905
        0.79911        1.78018
        0.80134        1.78495
        0.80357        1.78509
        0.80580        1.79032
        0.80804        1.78875
        0.81027        1.79236
        0.81250        1.79397
        0.81473        1.79299
        0.81696        1.78396
        0.81920        1.78807
        0.82143        1.78815
        0.82366        1.79290
        0.82589        1.79121
        0.82812        1.79450
        0.83036        1.79642
        0.83259        1.79535
        0.83482        1.78621
        0.83705        1.78964
        0.83929        1.78997
        0.84152        1.79478
        0.84375        1.79323
        0.84598        1.79609
        0.84821        1.79881
        0.85045        1.79756
        0.85268        1.78817
        0.85491        1.79103
        0.85714        1.79164
        0.85938        1.79637
        0.86161        1.79490
        0.86384        1.79728
        0.86607        1.80067
        0.86830        1.79955
        0.87054        1.78976
        0.87277        1.79206
        0.87500        1.79328
        0.87723        1.79777
        0.87946        1.79648
        0.88170        1.79822
        0.88393        1.80226
        0.88616        1.80152
        0.88839        1.79131
        0.89062        1.79329
        0.89286        1.79488
        0.89509        1.79919
        0.89732        1.79813
        0.89955        1.79913
        0.90179        1.80338
        0.90402        1.80356
        0.90625        1.79285
        0.90848        1.79456
        0.91071        1.79603
        0.91295        1.80063
        0.91518        1.79991
        0.91741        1.79991
        0.91964        1.80406
        0.92188        1.80548
        0.92411        1.79411
        0.92634        1.79546
        0.92857        1.79683
        0.93080        1.80206
        0.93304        1.80155
        0.93527        1.80015
        0.93750        1.80462
        0.93973        1.80721
        0.94196        1.79530
        0.94420        1.79595
        0.94643        1.79741
        0.94866        1.80334
        0.95089        1.80350
        0.95312        1.80043
        0.95536        1.80515
        0.95759        1.80902
        0.95982        1.79653
        0.96205        1.79586
        0.96429        1.79787
        0.96652        1.80452
        0.96875        1.80522
        0.97098        1.80064
        0.97321        1.80566
        0.97545        1.81097
        0.97768        1.79806
        0.97991        1.79639
        0.98214        1.79927
        0.98438        1.80625
        0.98661        1.80778
        0.98884        1.80147
        0.99107        1.80656
        0.99330        1.81323
        0.99554        1.79984
        0.99777        1.79710
        1.00000        1.80033
