        0.00223        1.87115
        0.00446        1.86723
        0.00670        1.86742
        0.00893        1.87313
        0.01116        1.87763
        0.01339        1.88720
        0.01562        1.88351
        0.01786        1.87522
        0.02009        1.87128
        0.02232        1.86700
        0.02455        1.86641
        0.02679        1.87218
        0.02902        1.87601
        0.03125        1.88569
        0.03348        1.88305
        0.03571        1.87484
        0.03795        1.87052
        0.04018        1.86643
        0.04241        1.86488
        0.04464        1.87086
        0.04688        1.87399
        0.04911        1.88372
        0.05134        1.88225
        0.05357        1.87410
        0.05580        1.86953
        0.05804        1.86605
        0.06027        1.86343
        0.06250        1.86990
        0.06473        1.87242
        0.06696        1.88207
        0.06920        1.88129
        0.07143        1.87313
        0.07366        1.86807
        0.07589        1.86478
        0.07812        1.86159
        0.08036        1.86795
        0.08259        1.87063
        0.08482        1.88019
        0.08705        1.88053
        0.08929        1.87255
        0.09152        1.86713
        0.09375        1.86393
        0.09598        1.85977
        0.09821        1.86621
        0.10045        1.86837
        0.10268        1.87804
        0.10491        1.87864
        0.10714        1.87106
        0.10938        1.86454
        0.11161        1.86178
        0.11384        1.85678
        0.11607        1.86302
        0.11830        1.86478
        0.12054        1.87405
        0.12277        1.87483
        0.12500        1.86747
        0.12723        1.85978
        0.12946        1.85683
        0.13170        1.85099
        0.13393        1.85623
        0.13616        1.85736
        0.13839        1.86561
        0.14062        1.86590
        0.14286        1.85785
        0.14509        1.84818
        0.14732        1.84356
        0.14955        1.83557
        0.15179        1.84069
        0.15402        1.84037
        0.15625        1.84641
        0.15848        1.84448
        0.16071        1.83409
        0.16295        1.82210
        0.16518        1.81505
        0.16741        1.80518
        0.16964        1.80823
        0.17188        1.80613
        0.17411        1.80779
        0.17634        1.79973
        0.17857        1.78838
        0.18080        1.77344
        0.18304        1.76339
        0.18527        1.75105
        0.18750        1.74932
        0.18973        1.74047
        0.19196        1.73764
        0.19420        1.72025
        0.19643        1.70808
        0.19866        1.68855
        0.20089        1.67748
        0.20312        1.65863
        0.20536        1.65177
        0.20759        1.63371
        0.20982        1.61961
        0.21205        1.59906
        0.21429        1.58202
        0.21652        1.55443
        0.21875        1.53836
        0.22098        1.52207
        0.22321        1.48789
        0.22545        1.46800
        0.22768        1.44227
        0.22991        1.41677
        0.23214        1.37383
        0.23438        1.35337
        0.23661        1.31186
        0.23884        1.27289
        0.24107        1.23907
        0.24330        1.19402
        0.24554        1.15252
        0.24777        1.10533
        0.25000        1.05659
        0.25223        1.00937
        0.25446        0.95675
        0.25670        0.90308
        0.25893        0.84426
        0.26116        0.78562
        0.26339        0.72115
        0.26562        0.65695
        0.26786        0.58802
        0.27009        0.51962
        0.27232        0.44551
        0.27455        0.37082
        0.27679        0.29027
        0.27902        0.20848
        0.28125        0.12049
        0.28348        0.03174
        0.28571       -0.06232
        0.28795       -0.15693
        0.29018       -0.25848
        0.29241       -0.36269
        0.29464       -0.47588
        0.29688       -0.59308
        0.29911       -0.72085
        0.30134       -0.85524
        0.30357       -1.00411
        0.30580       -1.16415
        0.30804       -1.34401
        0.31027       -1.54008
        0.31250       -1.76195
        0.31473       -2.00640
        0.31696       -2.28448
        0.31920       -2.59346
        0.32143       -2.94557
        0.32366       -3.33775
        0.32589       -3.78442
        0.32812       -4.26846
        0.33036       -4.80237
        0.33259       -5.43628
        0.33482       -6.21153
        0.33705       -7.13163
        0.33929       -8.18081
        0.34152       -9.31366
        0.34375      -10.48817
        0.34598      -11.63757
        0.34821      -12.73838
        0.35045      -13.81837
        0.35268      -14.90094
        0.35491      -15.99063
        0.35714      -17.07546
        0.35938      -18.12598
        0.36161      -19.10935
        0.36384      -19.99207
        0.36607      -20.74593
        0.36830      -21.34116
        0.37054      -21.76226
        0.37277      -21.99336
        0.37500      -22.03703
        0.37723      -21.90155
        0.37946      -21.61275
        0.38170      -21.20202
        0.38393      -20.70912
        0.38616      -20.17112
        0.38839      -19.63602
        0.39062      -19.14376
        0.39286      -18.73448
        0.39509      -18.41741
        0.39732      -18.18412
        0.39955      -17.99450
        0.40179      -17.83006
        0.40402      -17.72768
        0.40625      -17.72749
        0.40848      -17.85002
        0.41071      -18.11139
        0.41295      -18.49211
        0.41518      -18.95445
        0.41741      -19.42647
        0.41964      -19.85967
        0.42188      -20.25072
        0.42411      -20.59049
        0.42634      -20.86194
        0.42857      -21.05950
        0.43080      -21.17373
        0.43304      -21.20509
        0.43527      -21.14911
        0.43750      -21.01107
        0.43973      -20.79077
        0.44196      -20.49934
        0.44420      -20.14225
        0.44643      -19.73952
        0.44866      -19.29346
        0.45089      -18.81698
        0.45312      -18.37213
        0.45536      -18.02336
        0.45759      -17.80159
        0.45982      -17.71750
        0.46205      -17.74944
        0.46429      -17.87540
        0.46652      -18.04888
        0.46875      -18.24687
        0.47098      -18.50158
        0.47321      -18.84546
        0.47545      -19.28113
        0.47768      -19.79054
        0.47991      -20.33062
        0.48214      -20.86050
        0.48438      -21.33307
        0.48661      -21.71239
        0.48884      -21.95969
        0.49107      -22.04516
        0.49330      -21.94747
        0.49554      -21.66088
        0.49777      -21.18717
        0.50000      -20.54406
        0.50223      -19.74933
        0.50446      -18.83453
        0.50670      -17.82799
        0.50893      -16.76423
        0.51116      -15.67540
        0.51339      -14.58744
        0.51562      -13.50676
        0.51786      -12.42400
        0.52009      -11.31093
        0.52232      -10.14826
        0.52455       -8.97980
        0.52679       -7.86717
        0.52902       -6.85126
        0.53125       -5.97296
        0.53348       -5.24013
        0.53571       -4.64113
        0.53795       -4.12593
        0.54018       -3.65134
        0.54241       -3.22011
        0.54464       -2.84087
        0.54688       -2.50102
        0.54911       -2.20223
        0.55134       -1.93362
        0.55357       -1.69685
        0.55580       -1.48209
        0.55804       -1.29173
        0.56027       -1.11719
        0.56250       -0.96135
        0.56473       -0.81625
        0.56696       -0.68467
        0.56920       -0.55940
        0.57143       -0.44420
        0.57366       -0.33285
        0.57589       -0.23041
        0.57812       -0.13005
        0.58036       -0.03671
        0.58259        0.05690
        0.58482        0.14432
        0.58705        0.23185
        0.58929        0.31176
        0.59152        0.39224
        0.59375        0.46488
        0.59598        0.53949
        0.59821        0.60536
        0.60045        0.67605
        0.60268        0.73636
        0.60491        0.80403
        0.60714        0.85521
        0.60938        0.91842
        0.61161        0.97138
        0.61384        1.01980
        0.61607        1.07462
        0.61830        1.11329
        0.62054        1.16548
        0.62277        1.21328
        0.62500        1.24214
        0.62723        1.29270
        0.62946        1.32482
        0.63170        1.36143
        0.63393        1.38778
        0.63616        1.42081
        0.63839        1.46162
        0.64062        1.48153
        0.64286        1.49814
        0.64509        1.52299
        0.64732        1.54699
        0.64955        1.55531
        0.65179        1.59171
        0.65402        1.60372
        0.65625        1.62326
        0.65848        1.63592
        0.66071        1.65699
        0.66295        1.66074
        0.66518        1.67922
        0.66741        1.69351
        0.66964        1.71057
        0.67188        1.72108
        0.67411        1.73651
        0.67634        1.74285
        0.67857        1.74889
        0.68080        1.75089
        0.68304        1.76193
        0.68527        1.77605
        0.68750        1.78934
        0.68973        1.80314
        0.69196        1.80564
        0.69420        1.80597
        0.69643        1.80726
        0.69866        1.80586
        0.70089        1.81367
        0.70312        1.82321
        0.70536        1.83547
        0.70759        1.84462
        0.70982        1.84572
        0.71205        1.83953
        0.71429        1.83872
        0.71652        1.83696
        0.71875        1.84174
        0.72098        1.84789
        0.72321        1.85716
        0.72545        1.86533
        0.72768        1.86538
        0.72991        1.85727
        0.73214        1.85417
        0.73438        1.85194
        0.73661        1.85485
        0.73884        1.85963
        0.74107        1.86644
        0.74330        1.87411
        0.74554        1.87359
        0.74777        1.86454
        0.75000        1.86062
        0.75223        1.85813
        0.75446        1.86013
        0.75670        1.86459
        0.75893        1.87028
        0.76116        1.87824
        0.76339        1.87752
        0.76562        1.86795
        0.76786        1.86347
        0.77009        1.86130
        0.77232        1.86243
        0.77455        1.86699
        0.77679        1.87190
        0.77902        1.88028
        0.78125        1.87982
        0.78348        1.87003
        0.78571        1.86493
        0.78795        1.86275
        0.79018        1.86320
        0.79241        1.86797
        0.79464        1.87280
        0.79688        1.88152
        0.79911        1.88156
        0.80134        1.87188
        0.80357        1.86667
        0.80580        1.86439
        0.80804        1.86421
        0.81027        1.86930
        0.81250        1.87392
        0.81473        1.88257
        0.81696        1.88290
        0.81920        1.87313
        0.82143        1.86761
        0.82366        1.86492
        0.82589        1.86483
        0.82812        1.86991
        0.83036        1.87497
        0.83259        1.88379
        0.83482        1.88439
        0.83705        1.87465
        0.83929        1.86894
        0.84152        1.86564
        0.84375        1.86570
        0.84598        1.87064
        0.84821        1.87558
        0.85045        1.88459
        0.85268        1.88553
        0.85491        1.87574
        0.85714        1.86991
        0.85938        1.86578
        0.86161        1.86573
        0.86384        1.87047
        0.86607        1.87520
        0.86830        1.88438
        0.87054        1.88586
        0.87277        1.87652
        0.87500        1.87087
        0.87723        1.86619
        0.87946        1.86624
        0.88170        1.87078
        0.88393        1.87544
        0.88616        1.88463
        0.88839        1.88697
        0.89062        1.87779
        0.89286        1.87257
        0.89509        1.86698
        0.89732        1.86713
        0.89955        1.87133
        0.90179        1.87550
        0.90402        1.88459
        0.90625        1.88757
        0.90848        1.87888
        0.91071        1.87332
        0.91295        1.86752
        0.91518        1.86726
        0.91741        1.87103
        0.91964        1.87499
        0.92188        1.88419
        0.92411        1.88846
        0.92634        1.88034
        0.92857        1.87460
        0.93080        1.86918
        0.93304        1.86816
        0.93527        1.87199
        0.93750        1.87577
        0.93973        1.88415
        0.94196        1.88951
        0.94420        1.88220
        0.94643        1.87565
        0.94866        1.87028
        0.95089        1.86826
        0.95312        1.87122
        0.95536        1.87551
        0.95759        1.88303
        0.95982        1.88939
        0.96205        1.88309
        0.96429        1.87603
        0.96652        1.87123
        0.96875        1.86811
        0.97098        1.87023
        0.97321        1.87494
        0.97545        1.88106
        0.97768        1.88874
        0.97991        1.88335
        0.98214        1.87571
        0.98438        1.87141
        0.98661        1.86771
        0.98884        1.86851
        0.99107        1.87401
        0.99330        1.87888
        0.99554        1.88788
        0.99777        1.88312
        1.00000        1.87534
