        0.00223        1.00211
        0.00446        1.00736
        0.00670        1.00689
        0.00893        1.00309
        0.01116        0.99783
        0.01339        0.99557
        0.01562        0.99568
        0.01786        0.99867
        0.02009        1.00394
        0.02232        1.00827
        0.02455        1.00843
        0.02679        1.00365
        0.02902        0.99845
        0.03125        0.99568
        0.03348        0.99518
        0.03571        0.99761
        0.03795        1.00288
        0.04018        1.00643
        0.04241        1.00646
        0.04464        1.00210
        0.04688        0.99743
        0.04911        0.99497
        0.05134        0.99394
        0.05357        0.99568
        0.05580        1.00031
        0.05804        1.00371
        0.06027        1.00406
        0.06250        0.99997
        0.06473        0.99603
        0.06696        0.99404
        0.06920        0.99275
        0.07143        0.99430
        0.07366        0.99880
        0.07589        1.00114
        0.07812        1.00144
        0.08036        0.99777
        0.08259        0.99469
        0.08482        0.99297
        0.08705        0.99117
        0.08929        0.99242
        0.09152        0.99695
        0.09375        0.99943
        0.09598        0.99955
        0.09821        0.99598
        0.10045        0.99336
        0.10268        0.99200
        0.10491        0.98997
        0.10714        0.99115
        0.10938        0.99547
        0.11161        0.99793
        0.11384        0.99758
        0.11607        0.99440
        0.11830        0.99222
        0.12054        0.99119
        0.12277        0.98882
        0.12500        0.98989
        0.12723        0.99393
        0.12946        0.99619
        0.13170        0.99560
        0.13393        0.99289
        0.13616        0.99110
        0.13839        0.99030
        0.14062        0.98792
        0.14286        0.98876
        0.14509        0.99275
        0.14732        0.99482
        0.14955        0.99387
        0.15179        0.99161
        0.15402        0.99008
        0.15625        0.98952
        0.15848        0.98694
        0.16071        0.98762
        0.16295        0.99147
        0.16518        0.99327
        0.16741        0.99206
        0.16964        0.99024
        0.17188        0.98900
        0.17411        0.98868
        0.17634        0.98583
        0.17857        0.98643
        0.18080        0.99031
        0.18304        0.99144
        0.18527        0.99026
        0.18750        0.98882
        0.18973        0.98785
        0.19196        0.98776
        0.19420        0.98437
        0.19643        0.98490
        0.19866        0.98872
        0.20089        0.98939
        0.20312        0.98817
        0.20536        0.98717
        0.20759        0.98631
        0.20982        0.98635
        0.21205        0.98256
        0.21429        0.98281
        0.21652        0.98671
        0.21875        0.98678
        0.22098        0.98564
        0.22321        0.98493
        0.22545        0.98427
        0.22768        0.98442
        0.22991        0.98026
        0.23214        0.98030
        0.23438        0.98405
        0.23661        0.98362
        0.23884        0.98246
        0.24107        0.98211
        0.24330        0.98142
        0.24554        0.98162
        0.24777        0.97680
        0.25000        0.97675
        0.25223        0.98032
        0.25446        0.97932
        0.25670        0.97785
        0.25893        0.97793
        0.26116        0.97677
        0.26339        0.97690
        0.26562        0.97089
        0.26786        0.97054
        0.27009        0.97361
        0.27232        0.97182
        0.27455        0.96955
        0.27679        0.96918
        0.27902        0.96689
        0.28125        0.96573
        0.28348        0.95733
        0.28571        0.95562
        0.28795        0.95619
        0.29018        0.95250
        0.29241        0.94722
        0.29464        0.94463
        0.29688        0.93901
        0.29911        0.93597
        0.30134        0.92147
        0.30357        0.91557
        0.30580        0.90741
        0.30804        0.89615
        0.31027        0.88158
        0.31250        0.87065
        0.31473        0.85565
        0.31696        0.84327
        0.31920        0.82086
        0.32143        0.80925
        0.32366        0.78576
        0.32589        0.76994
        0.32812        0.74577
        0.33036        0.72763
        0.33259        0.70465
        0.33482        0.67634
        0.33705        0.65069
        0.33929        0.62229
        0.34152        0.59454
        0.34375        0.55478
        0.34598        0.52166
        0.34821        0.48835
        0.35045        0.45022
        0.35268        0.40353
        0.35491        0.36295
        0.35714        0.32670
        0.35938        0.26740
        0.36161        0.22838
        0.36384        0.15976
        0.36607        0.09342
        0.36830        0.03811
        0.37054       -0.02544
        0.37277       -0.07851
        0.37500       -0.16474
        0.37723       -0.21473
        0.37946       -0.29969
        0.38170       -0.36532
        0.38393       -0.44985
        0.38616       -0.50936
        0.38839       -0.62336
        0.39062       -0.67698
        0.39286       -0.78867
        0.39509       -0.86130
        0.39732       -0.96756
        0.39955       -1.05284
        0.40179       -1.15739
        0.40402       -1.25051
        0.40625       -1.35867
        0.40848       -1.46741
        0.41071       -1.58903
        0.41295       -1.71804
        0.41518       -1.85524
        0.41741       -2.00683
        0.41964       -2.16372
        0.42188       -2.34598
        0.42411       -2.53291
        0.42634       -2.75255
        0.42857       -2.97626
        0.43080       -3.23783
        0.43304       -3.50849
        0.43527       -3.82385
        0.43750       -4.15352
        0.43973       -4.53233
        0.44196       -4.91129
        0.44420       -5.29456
        0.44643       -5.62703
        0.44866       -5.92252
        0.45089       -6.14272
        0.45312       -6.32166
        0.45536       -6.44667
        0.45759       -6.57133
        0.45982       -6.69759
        0.46205       -6.88466
        0.46429       -7.11185
        0.46652       -7.43981
        0.46875       -7.88387
        0.47098       -8.53337
        0.47321       -9.32066
        0.47545      -10.25337
        0.47768      -11.40349
        0.47991      -12.70311
        0.48214      -14.10679
        0.48438      -15.56049
        0.48661      -17.01830
        0.48884      -18.40894
        0.49107      -19.71701
        0.49330      -20.95914
        0.49554      -22.14844
        0.49777      -23.29044
        0.50000      -24.38296
        0.50223      -25.40343
        0.50446      -26.32754
        0.50670      -27.11634
        0.50893      -27.74029
        0.51116      -28.16953
        0.51339      -28.38752
        0.51562      -28.38262
        0.51786      -28.15664
        0.52009      -27.71838
        0.52232      -27.08801
        0.52455      -26.29238
        0.52679      -25.36452
        0.52902      -24.33996
        0.53125      -23.24608
        0.53348      -22.10128
        0.53571      -20.91115
        0.53795      -19.66559
        0.54018      -18.35561
        0.54241      -16.96043
        0.54464      -15.50245
        0.54688      -14.04898
        0.54911      -12.64958
        0.55134      -11.35388
        0.55357      -10.21287
        0.55580       -9.28712
        0.55804       -8.50538
        0.56027       -7.86266
        0.56250       -7.42647
        0.56473       -7.10147
        0.56696       -6.87835
        0.56920       -6.69184
        0.57143       -6.56858
        0.57366       -6.44218
        0.57589       -6.31777
        0.57812       -6.13502
        0.58036       -5.91419
        0.58259       -5.61450
        0.58482       -5.28211
        0.58705       -4.89594
        0.58929       -4.51905
        0.59152       -4.13947
        0.59375       -3.81308
        0.59598       -3.49701
        0.59821       -3.22929
        0.60045       -2.96694
        0.60268       -2.74570
        0.60491       -2.52534
        0.60714       -2.34043
        0.60938       -2.15784
        0.61161       -2.00218
        0.61384       -1.85077
        0.61607       -1.71388
        0.61830       -1.58568
        0.62054       -1.46361
        0.62277       -1.35649
        0.62500       -1.24663
        0.62723       -1.15639
        0.62946       -1.04797
        0.63170       -0.96764
        0.63393       -0.85441
        0.63616       -0.79095
        0.63839       -0.66874
        0.64062       -0.62305
        0.64286       -0.50543
        0.64509       -0.44678
        0.64732       -0.36655
        0.64955       -0.29862
        0.65179       -0.21347
        0.65402       -0.16081
        0.65625       -0.08457
        0.65848       -0.01705
        0.66071        0.03614
        0.66295        0.09600
        0.66518        0.15837
        0.66741        0.23464
        0.66964        0.26248
        0.67188        0.33692
        0.67411        0.36343
        0.67634        0.40409
        0.67857        0.44988
        0.68080        0.48852
        0.68304        0.52067
        0.68527        0.55793
        0.68750        0.59143
        0.68973        0.62650
        0.69196        0.64829
        0.69420        0.67866
        0.69643        0.70239
        0.69866        0.72568
        0.70089        0.75095
        0.70312        0.76397
        0.70536        0.79001
        0.70759        0.80545
        0.70982        0.82337
        0.71205        0.84082
        0.71429        0.85710
        0.71652        0.86668
        0.71875        0.88378
        0.72098        0.89307
        0.72321        0.90779
        0.72545        0.91332
        0.72768        0.92097
        0.72991        0.93299
        0.73214        0.93885
        0.73438        0.94226
        0.73661        0.94747
        0.73884        0.95122
        0.74107        0.95578
        0.74330        0.95351
        0.74554        0.95751
        0.74777        0.96311
        0.75000        0.96658
        0.75223        0.96720
        0.75446        0.96925
        0.75670        0.97085
        0.75893        0.97284
        0.76116        0.96861
        0.76339        0.97075
        0.76562        0.97442
        0.76786        0.97638
        0.77009        0.97590
        0.77232        0.97731
        0.77455        0.97831
        0.77679        0.97950
        0.77902        0.97489
        0.78125        0.97638
        0.78348        0.97927
        0.78571        0.98082
        0.78795        0.98022
        0.79018        0.98174
        0.79241        0.98262
        0.79464        0.98277
        0.79688        0.97843
        0.79911        0.97956
        0.80134        0.98211
        0.80357        0.98361
        0.80580        0.98318
        0.80804        0.98493
        0.81027        0.98579
        0.81250        0.98510
        0.81473        0.98100
        0.81696        0.98170
        0.81920        0.98403
        0.82143        0.98556
        0.82366        0.98537
        0.82589        0.98750
        0.82812        0.98828
        0.83036        0.98695
        0.83259        0.98298
        0.83482        0.98328
        0.83705        0.98549
        0.83929        0.98702
        0.84152        0.98717
        0.84375        0.98959
        0.84598        0.99029
        0.84821        0.98834
        0.85045        0.98450
        0.85268        0.98430
        0.85491        0.98663
        0.85714        0.98816
        0.85938        0.98869
        0.86161        0.99148
        0.86384        0.99203
        0.86607        0.98954
        0.86830        0.98579
        0.87054        0.98513
        0.87277        0.98758
        0.87500        0.98923
        0.87723        0.99008
        0.87946        0.99323
        0.88170        0.99380
        0.88393        0.99086
        0.88616        0.98712
        0.88839        0.98605
        0.89062        0.98849
        0.89286        0.99025
        0.89509        0.99144
        0.89732        0.99491
        0.89955        0.99518
        0.90179        0.99216
        0.90402        0.98833
        0.90625        0.98709
        0.90848        0.98948
        0.91071        0.99139
        0.91295        0.99300
        0.91518        0.99688
        0.91741        0.99669
        0.91964        0.99388
        0.92188        0.98968
        0.92411        0.98833
        0.92634        0.99042
        0.92857        0.99247
        0.93080        0.99463
        0.93304        0.99882
        0.93527        0.99818
        0.93750        0.99569
        0.93973        0.99084
        0.94196        0.98956
        0.94420        0.99150
        0.94643        0.99381
        0.94866        0.99638
        0.95089        1.00071
        0.95312        0.99986
        0.95536        0.99773
        0.95759        0.99276
        0.95982        0.99117
        0.96205        0.99254
        0.96429        0.99512
        0.96652        0.99850
        0.96875        1.00326
        0.97098        1.00231
        0.97321        0.99921
        0.97545        0.99431
        0.97768        0.99246
        0.97991        0.99360
        0.98214        0.99651
        0.98438        1.00055
        0.98661        1.00561
        0.98884        1.00493
        0.99107        1.00157
        0.99330        0.99628
        0.99554        0.99377
        0.99777        0.99435
        1.00000        0.99745
