        0.00223        2.34496
        0.00446        2.34342
        0.00670        2.34162
        0.00893        2.34702
        0.01116        2.34224
        0.01339        2.35260
        0.01562        2.34702
        0.01786        2.35344
        0.02009        2.34470
        0.02232        2.34679
        0.02455        2.33888
        0.02679        2.33970
        0.02902        2.33595
        0.03125        2.33834
        0.03348        2.33480
        0.03571        2.33226
        0.03795        2.32426
        0.04018        2.31761
        0.04241        2.30863
        0.04464        2.30223
        0.04688        2.29683
        0.04911        2.29402
        0.05134        2.28878
        0.05357        2.28270
        0.05580        2.27131
        0.05804        2.25883
        0.06027        2.24318
        0.06250        2.22881
        0.06473        2.21821
        0.06696        2.20846
        0.06920        2.19978
        0.07143        2.19161
        0.07366        2.18510
        0.07589        2.17925
        0.07812        2.17504
        0.08036        2.17161
        0.08259        2.17105
        0.08482        2.17066
        0.08705        2.17087
        0.08929        2.16925
        0.09152        2.16808
        0.09375        2.16550
        0.09598        2.16384
        0.09821        2.16210
        0.10045        2.16299
        0.10268        2.16323
        0.10491        2.16469
        0.10714        2.16317
        0.10938        2.16305
        0.11161        2.15988
        0.11384        2.15840
        0.11607        2.15467
        0.11830        2.15483
        0.12054        2.15207
        0.12277        2.15103
        0.12500        2.14490
        0.12723        2.14161
        0.12946        2.13263
        0.13170        2.12707
        0.13393        2.11786
        0.13616        2.11070
        0.13839        2.10199
        0.14062        2.09457
        0.14286        2.08430
        0.14509        2.07583
        0.14732        2.06146
        0.14955        2.04730
        0.15179        2.03125
        0.15402        2.01767
        0.15625        2.00111
        0.15848        1.98757
        0.16071        1.96534
        0.16295        1.95066
        0.16518        1.92085
        0.16741        1.89987
        0.16964        1.88508
        0.17188        1.84230
        0.17411        1.82315
        0.17634        1.82155
        0.17857        1.75592
        0.18080        1.71689
        0.18304        1.68479
        0.18527        1.65294
        0.18750        1.59315
        0.18973        1.56873
        0.19196        1.50152
        0.19420        1.47695
        0.19643        1.40958
        0.19866        1.35166
        0.20089        1.30715
        0.20312        1.23784
        0.20536        1.15069
        0.20759        1.13522
        0.20982        1.03060
        0.21205        1.03853
        0.21429        0.86043
        0.21652        0.82256
        0.21875        0.73171
        0.22098        0.65518
        0.22321        0.57231
        0.22545        0.48384
        0.22768        0.40194
        0.22991        0.30371
        0.23214        0.22067
        0.23438        0.11079
        0.23661        0.02439
        0.23884       -0.10011
        0.24107       -0.19318
        0.24330       -0.33679
        0.24554       -0.44295
        0.24777       -0.61175
        0.25000       -0.73973
        0.25223       -0.94078
        0.25446       -1.10038
        0.25670       -1.34295
        0.25893       -1.54600
        0.26116       -1.84075
        0.26339       -2.09993
        0.26562       -2.45730
        0.26786       -2.78691
        0.27009       -3.21758
        0.27232       -3.60666
        0.27455       -4.11659
        0.27679       -4.68616
        0.27902       -5.44614
        0.28125       -6.28392
        0.28348       -7.25390
        0.28571       -8.21526
        0.28795       -9.18913
        0.29018      -10.05569
        0.29241      -10.84407
        0.29464      -11.47802
        0.29688      -12.00672
        0.29911      -12.39248
        0.30134      -12.69536
        0.30357      -12.89634
        0.30580      -13.05050
        0.30804      -13.13937
        0.31027      -13.19064
        0.31250      -13.17172
        0.31473      -13.08852
        0.31696      -12.90394
        0.31920      -12.62455
        0.32143      -12.23608
        0.32366      -11.76496
        0.32589      -11.23213
        0.32812      -10.67343
        0.33036      -10.15936
        0.33259       -9.78437
        0.33482       -9.62882
        0.33705       -9.72511
        0.33929      -10.09032
        0.34152      -10.67309
        0.34375      -11.39812
        0.34598      -12.21695
        0.34821      -13.12403
        0.35045      -14.08037
        0.35268      -15.04544
        0.35491      -16.00304
        0.35714      -16.99677
        0.35938      -18.03230
        0.36161      -19.10249
        0.36384      -20.15162
        0.36607      -21.11540
        0.36830      -21.91533
        0.37054      -22.51122
        0.37277      -22.87814
        0.37500      -23.02344
        0.37723      -22.95346
        0.37946      -22.70126
        0.38170      -22.30067
        0.38393      -21.80819
        0.38616      -21.27031
        0.38839      -20.74081
        0.39062      -20.25276
        0.39286      -19.82849
        0.39509      -19.45877
        0.39732      -19.18827
        0.39955      -19.02630
        0.40179      -18.97515
        0.40402      -18.99468
        0.40625      -19.02634
        0.40848      -19.03378
        0.41071      -19.02260
        0.41295      -18.98856
        0.41518      -18.97754
        0.41741      -19.04552
        0.41964      -19.22727
        0.42188      -19.51537
        0.42411      -19.89824
        0.42634      -20.33073
        0.42857      -20.83009
        0.43080      -21.36217
        0.43304      -21.89777
        0.43527      -22.37647
        0.43750      -22.75698
        0.43973      -22.97873
        0.44196      -23.01536
        0.44420      -22.83093
        0.44643      -22.42663
        0.44866      -21.79197
        0.45089      -20.96205
        0.45312      -19.97620
        0.45536      -18.92122
        0.45759      -17.85223
        0.45982      -16.82619
        0.46205      -15.83797
        0.46429      -14.88432
        0.46652      -13.91523
        0.46875      -12.96717
        0.47098      -12.07038
        0.47321      -11.27026
        0.47545      -10.56132
        0.47768      -10.01363
        0.47991       -9.68937
        0.48214       -9.64180
        0.48438       -9.83424
        0.48661      -10.24352
        0.48884      -10.76841
        0.49107      -11.32926
        0.49330      -11.85114
        0.49554      -12.31166
        0.49777      -12.68100
        0.50000      -12.94431
        0.50223      -13.11052
        0.50446      -13.18093
        0.50670      -13.18776
        0.50893      -13.12842
        0.51116      -13.03024
        0.51339      -12.86742
        0.51562      -12.65278
        0.51786      -12.33419
        0.52009      -11.92862
        0.52232      -11.37786
        0.52455      -10.72231
        0.52679       -9.91210
        0.52902       -9.03231
        0.53125       -8.04713
        0.53348       -7.09157
        0.53571       -6.12734
        0.53795       -5.31573
        0.54018       -4.57177
        0.54241       -4.03307
        0.54464       -3.52901
        0.54688       -3.15429
        0.54911       -2.71815
        0.55134       -2.40612
        0.55357       -2.04402
        0.55580       -1.80035
        0.55804       -1.50077
        0.56027       -1.31100
        0.56250       -1.06404
        0.56473       -0.91512
        0.56696       -0.71044
        0.56920       -0.59047
        0.57143       -0.41951
        0.57366       -0.31796
        0.57589       -0.17506
        0.57812       -0.08124
        0.58036        0.03650
        0.58259        0.13339
        0.58482        0.22151
        0.58705        0.34359
        0.58929        0.39053
        0.59152        0.54902
        0.59375        0.57691
        0.59598        0.66605
        0.59821        0.73294
        0.60045        0.84253
        0.60268        0.87058
        0.60491        1.07328
        0.60714        1.04128
        0.60938        1.09084
        0.61161        1.19853
        0.61384        1.25118
        0.61607        1.30630
        0.61830        1.35218
        0.62054        1.43134
        0.62277        1.47187
        0.62500        1.51580
        0.62723        1.57026
        0.62946        1.61528
        0.63170        1.65255
        0.63393        1.68730
        0.63616        1.72981
        0.63839        1.75855
        0.64062        1.80392
        0.64286        1.83590
        0.64509        1.85826
        0.64732        1.87471
        0.64955        1.90543
        0.65179        1.92489
        0.65402        1.95165
        0.65625        1.96656
        0.65848        1.99816
        0.66071        2.00055
        0.66295        2.02385
        0.66518        2.03034
        0.66741        2.05097
        0.66964        2.05834
        0.67188        2.07816
        0.67411        2.08481
        0.67634        2.10302
        0.67857        2.10511
        0.68080        2.11786
        0.68304        2.11690
        0.68527        2.13073
        0.68750        2.13184
        0.68973        2.14690
        0.69196        2.14904
        0.69420        2.16038
        0.69643        2.15738
        0.69866        2.16250
        0.70089        2.15563
        0.70312        2.16108
        0.70536        2.15741
        0.70759        2.16504
        0.70982        2.16332
        0.71205        2.17021
        0.71429        2.16425
        0.71652        2.16564
        0.71875        2.15839
        0.72098        2.16382
        0.72321        2.16055
        0.72545        2.16817
        0.72768        2.16664
        0.72991        2.17446
        0.73214        2.17045
        0.73438        2.17339
        0.73661        2.16867
        0.73884        2.17590
        0.74107        2.17585
        0.74330        2.18737
        0.74554        2.19273
        0.74777        2.20710
        0.75000        2.21257
        0.75223        2.22539
        0.75446        2.23111
        0.75670        2.24679
        0.75893        2.25486
        0.76116        2.27158
        0.76339        2.27810
        0.76562        2.28882
        0.76786        2.28964
        0.77009        2.29732
        0.77232        2.29757
        0.77455        2.30651
        0.77679        2.30968
        0.77902        2.32085
        0.78125        2.32390
        0.78348        2.33065
        0.78571        2.32965
        0.78795        2.33347
        0.79018        2.33210
        0.79241        2.33787
        0.79464        2.33670
        0.79688        2.34518
        0.79911        2.34312
        0.80134        2.34699
        0.80357        2.34119
        0.80580        2.34221
        0.80804        2.33702
        0.81027        2.33939
        0.81250        2.33523
        0.81473        2.34016
        0.81696        2.33541
        0.81920        2.33531
        0.82143        2.32661
        0.82366        2.32256
        0.82589        2.31109
        0.82812        2.30555
        0.83036        2.29321
        0.83259        2.28652
        0.83482        2.27071
        0.83705        2.24724
        0.83929        2.19097
        0.84152        2.18127
        0.84375        2.17038
        0.84598        2.16799
        0.84821        2.16188
        0.85045        2.16200
        0.85268        2.15880
        0.85491        2.15979
        0.85714        2.15551
        0.85938        2.15347
        0.86161        2.14918
        0.86384        2.15152
        0.86607        2.14535
        0.86830        2.14900
        0.87054        2.14577
        0.87277        2.14813
        0.87500        2.14554
        0.87723        2.14653
        0.87946        2.14366
        0.88170        2.14811
        0.88393        2.14558
        0.88616        2.15459
        0.88839        2.15382
        0.89062        2.16456
        0.89286        2.16328
        0.89509        2.16887
        0.89732        2.15114
        0.89955        2.12194
        0.90179        2.07546
        0.90402        2.08347
        0.90625        2.11783
        0.90848        2.13520
        0.91071        2.09600
        0.91295        2.06579
        0.91518        2.09278
        0.91741        2.14714
        0.91964        2.16810
        0.92188        2.17211
        0.92411        2.16397
        0.92634        2.16082
        0.92857        2.15193
        0.93080        2.15084
        0.93304        2.14445
        0.93527        2.14644
        0.93750        2.14461
        0.93973        2.15097
        0.94196        2.14856
        0.94420        2.15296
        0.94643        2.14833
        0.94866        2.15126
        0.95089        2.14707
        0.95312        2.15240
        0.95536        2.15109
        0.95759        2.15850
        0.95982        2.15798
        0.96205        2.16491
        0.96429        2.16126
        0.96652        2.16677
        0.96875        2.16385
        0.97098        2.17244
        0.97321        2.17250
        0.97545        2.18688
        0.97768        2.19516
        0.97991        2.26072
        0.98214        2.27857
        0.98438        2.29921
        0.98661        2.29908
        0.98884        2.31811
        0.99107        2.31328
        0.99330        2.33626
        0.99554        2.32995
        0.99777        2.34539
        1.00000        2.34018
