        0.00223        1.52872
        0.00446        1.52790
        0.00670        1.52589
        0.00893        1.52926
        0.01116        1.52869
        0.01339        1.52524
        0.01562        1.52423
        0.01786        1.52306
        0.02009        1.52256
        0.02232        1.52260
        0.02455        1.52056
        0.02679        1.52073
        0.02902        1.52376
        0.03125        1.52211
        0.03348        1.52144
        0.03571        1.52310
        0.03795        1.52147
        0.04018        1.52233
        0.04241        1.52083
        0.04464        1.52254
        0.04688        1.52383
        0.04911        1.52203
        0.05134        1.52214
        0.05357        1.52323
        0.05580        1.52202
        0.05804        1.52143
        0.06027        1.52027
        0.06250        1.52258
        0.06473        1.52461
        0.06696        1.52181
        0.06920        1.52193
        0.07143        1.52238
        0.07366        1.52221
        0.07589        1.52296
        0.07812        1.52247
        0.08036        1.52849
        0.08259        1.53028
        0.08482        1.52961
        0.08705        1.52778
        0.08929        1.52841
        0.09152        1.52818
        0.09375        1.53077
        0.09598        1.53379
        0.09821        1.54717
        0.10045        1.55594
        0.10268        1.57099
        0.10491        1.59046
        0.10714        1.59667
        0.10938        1.60518
        0.11161        1.61733
        0.11384        1.63383
        0.11607        1.64321
        0.11830        1.64674
        0.12054        1.65497
        0.12277        1.65972
        0.12500        1.66064
        0.12723        1.66470
        0.12946        1.66782
        0.13170        1.67764
        0.13393        1.68009
        0.13616        1.68213
        0.13839        1.68523
        0.14062        1.68905
        0.14286        1.69907
        0.14509        1.69119
        0.14732        1.70421
        0.14955        1.70065
        0.15179        1.70617
        0.15402        1.70550
        0.15625        1.71606
        0.15848        1.70124
        0.16071        1.73260
        0.16295        1.70931
        0.16518        1.71883
        0.16741        1.71227
        0.16964        1.72859
        0.17188        1.71536
        0.17411        1.72663
        0.17634        1.71594
        0.17857        1.74001
        0.18080        1.72083
        0.18304        1.72069
        0.18527        1.72914
        0.18750        1.71458
        0.18973        1.72620
        0.19196        1.72004
        0.19420        1.72113
        0.19643        1.72369
        0.19866        1.71373
        0.20089        1.71282
        0.20312        1.71460
        0.20536        1.71093
        0.20759        1.70563
        0.20982        1.70240
        0.21205        1.70423
        0.21429        1.69719
        0.21652        1.69985
        0.21875        1.68368
        0.22098        1.69064
        0.22321        1.67721
        0.22545        1.68102
        0.22768        1.66504
        0.22991        1.66996
        0.23214        1.65053
        0.23438        1.64287
        0.23661        1.62537
        0.23884        1.62122
        0.24107        1.61069
        0.24330        1.59798
        0.24554        1.56812
        0.24777        1.54132
        0.25000        1.52126
        0.25223        1.51966
        0.25446        1.51228
        0.25670        1.51121
        0.25893        1.50945
        0.26116        1.51375
        0.26339        1.50776
        0.26562        1.50416
        0.26786        1.50514
        0.27009        1.50343
        0.27232        1.49864
        0.27455        1.50331
        0.27679        1.50290
        0.27902        1.50122
        0.28125        1.50257
        0.28348        1.50268
        0.28571        1.49988
        0.28795        1.50287
        0.29018        1.49987
        0.29241        1.50349
        0.29464        1.50095
        0.29688        1.50547
        0.29911        1.51165
        0.30134        1.51197
        0.30357        1.51434
        0.30580        1.51982
        0.30804        1.52033
        0.31027        1.52095
        0.31250        1.51908
        0.31473        1.52043
        0.31696        1.52003
        0.31920        1.51531
        0.32143        1.51334
        0.32366        1.50986
        0.32589        1.50521
        0.32812        1.49799
        0.33036        1.49168
        0.33259        1.48409
        0.33482        1.47804
        0.33705        1.46624
        0.33929        1.45642
        0.34152        1.43704
        0.34375        1.43119
        0.34598        1.40748
        0.34821        1.39623
        0.35045        1.37786
        0.35268        1.36183
        0.35491        1.33835
        0.35714        1.31657
        0.35938        1.28649
        0.36161        1.27557
        0.36384        1.23034
        0.36607        1.22493
        0.36830        1.18993
        0.37054        1.15083
        0.37277        1.12215
        0.37500        1.11169
        0.37723        1.08195
        0.37946        0.99787
        0.38170        0.97253
        0.38393        0.91990
        0.38616        0.87941
        0.38839        0.82074
        0.39062        0.77396
        0.39286        0.70972
        0.39509        0.65395
        0.39732        0.58438
        0.39955        0.52106
        0.40179        0.44475
        0.40402        0.37545
        0.40625        0.29466
        0.40848        0.21931
        0.41071        0.13309
        0.41295        0.04935
        0.41518       -0.04571
        0.41741       -0.14030
        0.41964       -0.24491
        0.42188       -0.34514
        0.42411       -0.45216
        0.42634       -0.55391
        0.42857       -0.66492
        0.43080       -0.77611
        0.43304       -0.90026
        0.43527       -1.02670
        0.43750       -1.16553
        0.43973       -1.30620
        0.44196       -1.46178
        0.44420       -1.62526
        0.44643       -1.81289
        0.44866       -2.01837
        0.45089       -2.25718
        0.45312       -2.52241
        0.45536       -2.82963
        0.45759       -3.17284
        0.45982       -3.56867
        0.46205       -4.01141
        0.46429       -4.51908
        0.46652       -5.08664
        0.46875       -5.73714
        0.47098       -6.43516
        0.47321       -7.22362
        0.47545       -8.21143
        0.47768       -9.46094
        0.47991      -10.96583
        0.48214      -12.67915
        0.48438      -14.51598
        0.48661      -16.39209
        0.48884      -18.21842
        0.49107      -19.92752
        0.49330      -21.45728
        0.49554      -22.76755
        0.49777      -23.82204
        0.50000      -24.60278
        0.50223      -25.10027
        0.50446      -25.32505
        0.50670      -25.28004
        0.50893      -24.98701
        0.51116      -24.47005
        0.51339      -23.77498
        0.51562      -22.93340
        0.51786      -21.99205
        0.52009      -21.00167
        0.52232      -20.03303
        0.52455      -19.15998
        0.52679      -18.46226
        0.52902      -17.99589
        0.53125      -17.77981
        0.53348      -17.76916
        0.53571      -17.85552
        0.53795      -17.93417
        0.54018      -18.01824
        0.54241      -18.09134
        0.54464      -18.13921
        0.54688      -18.15064
        0.54911      -18.12536
        0.55134      -18.06674
        0.55357      -17.98668
        0.55580      -17.90553
        0.55804      -17.82184
        0.56027      -17.75342
        0.56250      -17.83169
        0.56473      -18.13700
        0.56696      -18.69404
        0.56920      -19.46363
        0.57143      -20.38175
        0.57366      -21.36633
        0.57589      -22.34630
        0.57812      -23.25621
        0.58036      -24.04857
        0.58259      -24.68227
        0.58482      -25.12172
        0.58705      -25.32593
        0.58929      -25.27307
        0.59152      -24.94886
        0.59375      -24.34766
        0.59598      -23.46454
        0.59821      -22.31291
        0.60045      -20.91762
        0.60268      -19.31599
        0.60491      -17.55650
        0.60714      -15.70249
        0.60938      -13.83088
        0.61161      -12.02884
        0.61384      -10.38436
        0.61607       -8.96907
        0.61830       -7.81926
        0.62054       -6.91440
        0.62277       -6.17343
        0.62500       -5.48831
        0.62723       -4.86906
        0.62946       -4.32400
        0.63170       -3.84174
        0.63393       -3.41608
        0.63616       -3.04115
        0.63839       -2.71088
        0.64062       -2.42058
        0.64286       -2.16465
        0.64509       -1.93948
        0.64732       -1.74022
        0.64955       -1.56294
        0.65179       -1.40206
        0.65402       -1.25320
        0.65625       -1.11253
        0.65848       -0.97892
        0.66071       -0.85267
        0.66295       -0.73383
        0.66518       -0.62263
        0.66741       -0.51564
        0.66964       -0.41183
        0.67188       -0.30766
        0.67411       -0.20506
        0.67634       -0.10447
        0.67857       -0.00910
        0.68080        0.08134
        0.68304        0.16606
        0.68527        0.24810
        0.68750        0.32538
        0.68973        0.40193
        0.69196        0.47384
        0.69420        0.54560
        0.69643        0.61128
        0.69866        0.67592
        0.70089        0.73382
        0.70312        0.79152
        0.70536        0.83898
        0.70759        0.91028
        0.70982        0.93363
        0.71205        0.99393
        0.71429        1.04784
        0.71652        1.04505
        0.71875        1.12597
        0.72098        1.12680
        0.72321        1.16902
        0.72545        1.19284
        0.72768        1.23204
        0.72991        1.25847
        0.73214        1.27171
        0.73438        1.30464
        0.73661        1.32216
        0.73884        1.35075
        0.74107        1.36670
        0.74330        1.38771
        0.74554        1.40034
        0.74777        1.42022
        0.75000        1.43079
        0.75223        1.44708
        0.75446        1.45659
        0.75670        1.47041
        0.75893        1.47946
        0.76116        1.48637
        0.76339        1.49372
        0.76562        1.50319
        0.76786        1.50598
        0.77009        1.51210
        0.77232        1.51328
        0.77455        1.52024
        0.77679        1.51847
        0.77902        1.52153
        0.78125        1.52004
        0.78348        1.52288
        0.78571        1.52004
        0.78795        1.51999
        0.79018        1.51411
        0.79241        1.51426
        0.79464        1.50799
        0.79688        1.50659
        0.79911        1.50136
        0.80134        1.50423
        0.80357        1.50166
        0.80580        1.50424
        0.80804        1.50189
        0.81027        1.50413
        0.81250        1.50193
        0.81473        1.50533
        0.81696        1.50083
        0.81920        1.50595
        0.82143        1.50161
        0.82366        1.50516
        0.82589        1.50775
        0.82812        1.50816
        0.83036        1.51152
        0.83259        1.51194
        0.83482        1.51010
        0.83705        1.51277
        0.83929        1.51587
        0.84152        1.52012
        0.84375        1.52704
        0.84598        1.55414
        0.84821        1.58114
        0.85045        1.60608
        0.85268        1.62018
        0.85491        1.62490
        0.85714        1.63340
        0.85938        1.64645
        0.86161        1.66028
        0.86384        1.66836
        0.86607        1.67396
        0.86830        1.67847
        0.87054        1.68247
        0.87277        1.69048
        0.87500        1.69370
        0.87723        1.69769
        0.87946        1.70576
        0.88170        1.70064
        0.88393        1.70156
        0.88616        1.71281
        0.88839        1.70562
        0.89062        1.71998
        0.89286        1.72091
        0.89509        1.71901
        0.89732        1.72790
        0.89955        1.71673
        0.90179        1.71671
        0.90402        1.72457
        0.90625        1.71837
        0.90848        1.73411
        0.91071        1.72909
        0.91295        1.72376
        0.91518        1.73394
        0.91741        1.71747
        0.91964        1.71802
        0.92188        1.72363
        0.92411        1.71561
        0.92634        1.72808
        0.92857        1.72214
        0.93080        1.71513
        0.93304        1.72569
        0.93527        1.70447
        0.93750        1.70550
        0.93973        1.71304
        0.94196        1.69860
        0.94420        1.70987
        0.94643        1.69727
        0.94866        1.69828
        0.95089        1.69590
        0.95312        1.68832
        0.95536        1.68606
        0.95759        1.68246
        0.95982        1.67867
        0.96205        1.67667
        0.96429        1.66775
        0.96652        1.66278
        0.96875        1.66245
        0.97098        1.65837
        0.97321        1.65178
        0.97545        1.64605
        0.97768        1.63985
        0.97991        1.62984
        0.98214        1.61073
        0.98438        1.60152
        0.98661        1.59231
        0.98884        1.58748
        0.99107        1.56248
        0.99330        1.55191
        0.99554        1.54188
        0.99777        1.53481
        1.00000        1.53021
