        0.00223        0.93275
        0.00446        0.95028
        0.00670        0.98075
        0.00893        1.01383
        0.01116        1.06280
        0.01339        1.02022
        0.01562        0.98546
        0.01786        0.95947
        0.02009        0.93682
        0.02232        0.95296
        0.02455        0.97440
        0.02679        1.01508
        0.02902        1.06384
        0.03125        1.02291
        0.03348        0.99579
        0.03571        0.96062
        0.03795        0.94373
        0.04018        0.95550
        0.04241        0.97136
        0.04464        1.01565
        0.04688        1.05905
        0.04911        1.02323
        0.05134        1.00053
        0.05357        0.95903
        0.05580        0.95245
        0.05804        0.95453
        0.06027        0.96766
        0.06250        1.01445
        0.06473        1.05244
        0.06696        1.02355
        0.06920        1.00033
        0.07143        0.95784
        0.07366        0.95710
        0.07589        0.95494
        0.07812        0.96315
        0.08036        1.01298
        0.08259        1.04362
        0.08482        1.02597
        0.08705        0.99953
        0.08929        0.96081
        0.09152        0.96514
        0.09375        0.96313
        0.09598        0.96463
        0.09821        1.01066
        0.10045        1.03933
        0.10268        1.02836
        0.10491        1.00100
        0.10714        0.96204
        0.10938        0.96405
        0.11161        0.96596
        0.11384        0.96297
        0.11607        1.00601
        0.11830        1.03605
        0.12054        1.02993
        0.12277        1.00292
        0.12500        0.96126
        0.12723        0.96499
        0.12946        0.96724
        0.13170        0.96361
        0.13393        1.00731
        0.13616        1.03443
        0.13839        1.03342
        0.14062        1.00532
        0.14286        0.96313
        0.14509        0.96719
        0.14732        0.96825
        0.14955        0.96586
        0.15179        1.00848
        0.15402        1.03503
        0.15625        1.03688
        0.15848        1.00820
        0.16071        0.96517
        0.16295        0.96840
        0.16518        0.97142
        0.16741        0.96729
        0.16964        1.00938
        0.17188        1.03474
        0.17411        1.04176
        0.17634        1.01061
        0.17857        0.96684
        0.18080        0.96879
        0.18304        0.97229
        0.18527        0.96814
        0.18750        1.00763
        0.18973        1.03441
        0.19196        1.04517
        0.19420        1.01556
        0.19643        0.96620
        0.19866        0.96107
        0.20089        0.97035
        0.20312        0.96500
        0.20536        1.00560
        0.20759        1.03033
        0.20982        1.05132
        0.21205        1.01650
        0.21429        0.96573
        0.21652        0.95334
        0.21875        0.95935
        0.22098        0.96163
        0.22321        1.00434
        0.22545        1.02550
        0.22768        1.05644
        0.22991        1.01379
        0.23214        0.96726
        0.23438        0.95164
        0.23661        0.95155
        0.23884        0.96101
        0.24107        1.00046
        0.24330        1.02463
        0.24554        1.06157
        0.24777        1.01298
        0.25000        0.96927
        0.25223        0.95022
        0.25446        0.94162
        0.25670        0.95977
        0.25893        0.99427
        0.26116        1.02179
        0.26339        1.06470
        0.26562        1.00957
        0.26786        0.96921
        0.27009        0.94326
        0.27232        0.92911
        0.27455        0.95201
        0.27679        0.97348
        0.27902        1.01183
        0.28125        1.04994
        0.28348        0.99650
        0.28571        0.96301
        0.28795        0.92434
        0.29018        0.90394
        0.29241        0.93221
        0.29464        0.94562
        0.29688        0.98683
        0.29911        1.01902
        0.30134        0.97237
        0.30357        0.93376
        0.30580        0.89671
        0.30804        0.86630
        0.31027        0.89866
        0.31250        0.90822
        0.31473        0.95514
        0.31696        0.97749
        0.31920        0.93839
        0.32143        0.89594
        0.32366        0.86103
        0.32589        0.82907
        0.32812        0.85707
        0.33036        0.87220
        0.33259        0.92836
        0.33482        0.92335
        0.33705        0.90483
        0.33929        0.86272
        0.34152        0.82875
        0.34375        0.80073
        0.34598        0.82331
        0.34821        0.84354
        0.35045        0.90208
        0.35268        0.88469
        0.35491        0.87829
        0.35714        0.83639
        0.35938        0.80152
        0.36161        0.77315
        0.36384        0.80416
        0.36607        0.81673
        0.36830        0.86401
        0.37054        0.86493
        0.37277        0.84434
        0.37500        0.79105
        0.37723        0.76791
        0.37946        0.74225
        0.38170        0.78138
        0.38393        0.76103
        0.38616        0.78932
        0.38839        0.82082
        0.39062        0.76743
        0.39286        0.73074
        0.39509        0.68908
        0.39732        0.59004
        0.39955        0.59395
        0.40179        0.61694
        0.40402        0.64427
        0.40625        0.59662
        0.40848        0.55060
        0.41071        0.47352
        0.41295        0.44245
        0.41518        0.35278
        0.41741        0.31278
        0.41964        0.31197
        0.42188        0.28230
        0.42411        0.20193
        0.42634        0.03376
        0.42857        0.10187
        0.43080       -0.03795
        0.43304       -0.05835
        0.43527       -0.08457
        0.43750       -0.26467
        0.43973       -0.31684
        0.44196       -0.43934
        0.44420       -0.63288
        0.44643       -0.64876
        0.44866       -0.74039
        0.45089       -0.80058
        0.45312       -0.93011
        0.45536       -1.03774
        0.45759       -1.19211
        0.45982       -1.33822
        0.46205       -1.46568
        0.46429       -1.59753
        0.46652       -1.72060
        0.46875       -1.87394
        0.47098       -2.03767
        0.47321       -2.24881
        0.47545       -2.46235
        0.47768       -2.71983
        0.47991       -2.98250
        0.48214       -3.29568
        0.48438       -3.62989
        0.48661       -4.03240
        0.48884       -4.46710
        0.49107       -4.96706
        0.49330       -5.48090
        0.49554       -5.99244
        0.49777       -6.44275
        0.50000       -6.81662
        0.50223       -7.08711
        0.50446       -7.27059
        0.50670       -7.39803
        0.50893       -7.51438
        0.51116       -7.65207
        0.51339       -8.00756
        0.51562       -8.72608
        0.51786       -9.81412
        0.52009      -11.15649
        0.52232      -12.58811
        0.52455      -13.94552
        0.52679      -15.11902
        0.52902      -16.05747
        0.53125      -16.76362
        0.53348      -17.25980
        0.53571      -17.58059
        0.53795      -17.76335
        0.54018      -17.80474
        0.54241      -17.67700
        0.54464      -17.38402
        0.54688      -16.95025
        0.54911      -16.45639
        0.55134      -16.01088
        0.55357      -15.74174
        0.55580      -15.71503
        0.55804      -15.91286
        0.56027      -16.18166
        0.56250      -16.38046
        0.56473      -16.51390
        0.56696      -16.57262
        0.56920      -16.53385
        0.57143      -16.39108
        0.57366      -16.14047
        0.57589      -15.79792
        0.57812      -15.38617
        0.58036      -14.93881
        0.58259      -14.47718
        0.58482      -14.01013
        0.58705      -13.56233
        0.58929      -13.32804
        0.59152      -13.44257
        0.59375      -13.92096
        0.59598      -14.66092
        0.59821      -15.52451
        0.60045      -16.36498
        0.60268      -17.09361
        0.60491      -17.62266
        0.60714      -17.93872
        0.60938      -18.07137
        0.61161      -18.05490
        0.61384      -17.87650
        0.61607      -17.51362
        0.61830      -16.92574
        0.62054      -16.16472
        0.62277      -15.30456
        0.62500      -14.46080
        0.62723      -13.76979
        0.62946      -13.37986
        0.63170      -13.35396
        0.63393      -13.66376
        0.63616      -14.12593
        0.63839      -14.59275
        0.64062      -15.05030
        0.64286      -15.49379
        0.64509      -15.88874
        0.64732      -16.21308
        0.64955      -16.43475
        0.65179      -16.55398
        0.65402      -16.56459
        0.65625      -16.48763
        0.65848      -16.33599
        0.66071      -16.12053
        0.66295      -15.84638
        0.66518      -15.70021
        0.66741      -15.78451
        0.66964      -16.11226
        0.67188      -16.57679
        0.67411      -17.07035
        0.67634      -17.46918
        0.67857      -17.72769
        0.68080      -17.80715
        0.68304      -17.73323
        0.68527      -17.51262
        0.68750      -17.15794
        0.68973      -16.60646
        0.69196      -15.85048
        0.69420      -14.84601
        0.69643      -13.62624
        0.69866      -12.23112
        0.70089      -10.81221
        0.70312       -9.51169
        0.70536       -8.51582
        0.70759       -7.88617
        0.70982       -7.61181
        0.71205       -7.48522
        0.71429       -7.37310
        0.71652       -7.23044
        0.71875       -7.03436
        0.72098       -6.73071
        0.72321       -6.34317
        0.72545       -5.86674
        0.72768       -5.35856
        0.72991       -4.83653
        0.73214       -4.36072
        0.73438       -3.92460
        0.73661       -3.54974
        0.73884       -3.21081
        0.74107       -2.92258
        0.74330       -2.64936
        0.74554       -2.41607
        0.74777       -2.18856
        0.75000       -2.00454
        0.75223       -1.82683
        0.75446       -1.70080
        0.75670       -1.55616
        0.75893       -1.45001
        0.76116       -1.28945
        0.76339       -1.17442
        0.76562       -0.98939
        0.76786       -0.92064
        0.77009       -0.76190
        0.77232       -0.74983
        0.77455       -0.59710
        0.77679       -0.63701
        0.77902       -0.40600
        0.78125       -0.30950
        0.78348       -0.23786
        0.78571       -0.03446
        0.78795       -0.07599
        0.79018        0.01353
        0.79241        0.06360
        0.79464        0.09213
        0.79688        0.18717
        0.79911        0.33075
        0.80134        0.27735
        0.80357        0.35111
        0.80580        0.31613
        0.80804        0.47226
        0.81027        0.50207
        0.81250        0.55864
        0.81473        0.59989
        0.81696        0.65328
        0.81920        0.60672
        0.82143        0.56709
        0.82366        0.60955
        0.82589        0.69556
        0.82812        0.73938
        0.83036        0.77732
        0.83259        0.80728
        0.83482        0.77045
        0.83705        0.76158
        0.83929        0.75152
        0.84152        0.75977
        0.84375        0.76788
        0.84598        0.79680
        0.84821        0.85642
        0.85045        0.87137
        0.85268        0.84831
        0.85491        0.80092
        0.85714        0.80950
        0.85938        0.79510
        0.86161        0.80238
        0.86384        0.83279
        0.86607        0.87994
        0.86830        0.90019
        0.87054        0.88191
        0.87277        0.82827
        0.87500        0.83534
        0.87723        0.82230
        0.87946        0.82791
        0.88170        0.86697
        0.88393        0.90969
        0.88616        0.92621
        0.88839        0.90592
        0.89062        0.86191
        0.89286        0.86618
        0.89509        0.85449
        0.89732        0.85769
        0.89955        0.90751
        0.90179        0.94321
        0.90402        0.95899
        0.90625        0.94095
        0.90848        0.89861
        0.91071        0.90452
        0.91295        0.89149
        0.91518        0.89525
        0.91741        0.94186
        0.91964        0.97854
        0.92188        0.99473
        0.92411        0.98219
        0.92634        0.93084
        0.92857        0.93447
        0.93080        0.92596
        0.93304        0.92787
        0.93527        0.97046
        0.93750        1.00205
        0.93973        1.02918
        0.94196        1.00640
        0.94420        0.95623
        0.94643        0.94938
        0.94866        0.94399
        0.95089        0.94323
        0.95312        0.98639
        0.95536        1.01364
        0.95759        1.04900
        0.95982        1.01477
        0.96205        0.96873
        0.96429        0.95523
        0.96652        0.94114
        0.96875        0.95024
        0.97098        0.98878
        0.97321        1.01568
        0.97545        1.05563
        0.97768        1.01794
        0.97991        0.97223
        0.98214        0.95720
        0.98438        0.93339
        0.98661        0.95153
        0.98884        0.98535
        0.99107        1.01482
        0.99330        1.05943
        0.99554        1.01879
        0.99777        0.97546
        1.00000        0.95881
