        0.00223        2.39726
        0.00446        2.40712
        0.00670        2.39430
        0.00893        2.40112
        0.01116        2.39563
        0.01339        2.39622
        0.01562        2.36610
        0.01786        2.38932
        0.02009        2.37955
        0.02232        2.41901
        0.02455        2.39347
        0.02679        2.39843
        0.02902        2.39893
        0.03125        2.39228
        0.03348        2.39885
        0.03571        2.39306
        0.03795        2.39986
        0.04018        2.39785
        0.04241        2.40002
        0.04464        2.39898
        0.04688        2.39844
        0.04911        2.39960
        0.05134        2.40048
        0.05357        2.40539
        0.05580        2.40798
        0.05804        2.41357
        0.06027        2.41568
        0.06250        2.42196
        0.06473        2.43031
        0.06696        2.44724
        0.06920        2.46108
        0.07143        2.47717
        0.07366        2.48801
        0.07589        2.49841
        0.07812        2.50502
        0.08036        2.51146
        0.08259        2.51497
        0.08482        2.52025
        0.08705        2.52341
        0.08929        2.52630
        0.09152        2.52932
        0.09375        2.54180
        0.09598        2.53415
        0.09821        2.54088
        0.10045        2.53814
        0.10268        2.54582
        0.10491        2.54190
        0.10714        2.54012
        0.10938        2.54496
        0.11161        2.54593
        0.11384        2.54569
        0.11607        2.54469
        0.11830        2.54461
        0.12054        2.54249
        0.12277        2.54079
        0.12500        2.53970
        0.12723        2.53833
        0.12946        2.53625
        0.13170        2.53392
        0.13393        2.53097
        0.13616        2.52626
        0.13839        2.52323
        0.14062        2.51690
        0.14286        2.51285
        0.14509        2.50799
        0.14732        2.50199
        0.14955        2.49422
        0.15179        2.48437
        0.15402        2.45564
        0.15625        2.42348
        0.15848        2.37674
        0.16071        2.33761
        0.16295        2.29844
        0.16518        2.26861
        0.16741        2.23435
        0.16964        2.20222
        0.17188        2.16840
        0.17411        2.14504
        0.17634        2.10089
        0.17857        2.08460
        0.18080        2.03662
        0.18304        1.99751
        0.18527        1.97527
        0.18750        1.92293
        0.18973        1.88434
        0.19196        1.83445
        0.19420        1.79701
        0.19643        1.74662
        0.19866        1.68781
        0.20089        1.63225
        0.20312        1.58632
        0.20536        1.49940
        0.20759        1.46968
        0.20982        1.36985
        0.21205        1.32748
        0.21429        1.23753
        0.21652        1.16993
        0.21875        1.09159
        0.22098        1.01322
        0.22321        0.92940
        0.22545        0.84600
        0.22768        0.75686
        0.22991        0.66954
        0.23214        0.57616
        0.23438        0.48311
        0.23661        0.38366
        0.23884        0.28219
        0.24107        0.17449
        0.24330        0.06201
        0.24554       -0.05666
        0.24777       -0.18508
        0.25000       -0.32102
        0.25223       -0.47422
        0.25446       -0.63601
        0.25670       -0.82370
        0.25893       -1.02070
        0.26116       -1.25359
        0.26339       -1.49768
        0.26562       -1.78788
        0.26786       -2.09273
        0.27009       -2.45258
        0.27232       -2.83425
        0.27455       -3.27238
        0.27679       -3.71435
        0.27902       -4.25392
        0.28125       -4.90657
        0.28348       -5.72411
        0.28571       -6.65659
        0.28795       -7.68647
        0.29018       -8.72693
        0.29241       -9.74165
        0.29464      -10.65824
        0.29688      -11.46308
        0.29911      -12.12038
        0.30134      -12.64823
        0.30357      -13.04196
        0.30580      -13.33813
        0.30804      -13.54295
        0.31027      -13.69170
        0.31250      -13.78348
        0.31473      -13.82821
        0.31696      -13.80460
        0.31920      -13.70459
        0.32143      -13.50044
        0.32366      -13.19386
        0.32589      -12.78174
        0.32812      -12.28753
        0.33036      -11.72728
        0.33259      -11.20482
        0.33482      -10.80844
        0.33705      -10.64673
        0.33929      -10.77593
        0.34152      -11.22623
        0.34375      -11.95793
        0.34598      -12.90431
        0.34821      -13.96423
        0.35045      -15.10665
        0.35268      -16.28650
        0.35491      -17.49714
        0.35714      -18.76763
        0.35938      -20.09867
        0.36161      -21.46514
        0.36384      -22.81110
        0.36607      -24.06586
        0.36830      -25.15891
        0.37054      -26.03654
        0.37277      -26.66587
        0.37500      -27.03283
        0.37723      -27.14266
        0.37946      -27.01741
        0.38170      -26.69790
        0.38393      -26.23233
        0.38616      -25.67870
        0.38839      -25.06889
        0.39062      -24.43862
        0.39286      -23.87214
        0.39509      -23.42857
        0.39732      -23.12885
        0.39955      -22.96191
        0.40179      -22.87379
        0.40402      -22.82975
        0.40625      -22.82297
        0.40848      -22.84791
        0.41071      -22.91480
        0.41295      -23.03735
        0.41518      -23.27152
        0.41741      -23.64928
        0.41964      -24.16350
        0.42188      -24.77444
        0.42411      -25.40231
        0.42634      -25.98320
        0.42857      -26.49664
        0.43080      -26.88986
        0.43304      -27.11103
        0.43527      -27.11338
        0.43750      -26.86729
        0.43973      -26.35834
        0.44196      -25.59292
        0.44420      -24.59364
        0.44643      -23.40600
        0.44866      -22.09247
        0.45089      -20.72766
        0.45312      -19.37442
        0.45536      -18.07508
        0.45759      -16.83802
        0.45982      -15.64843
        0.46205      -14.48184
        0.46429      -13.38144
        0.46652      -12.37354
        0.46875      -11.52991
        0.47098      -10.94355
        0.47321      -10.66417
        0.47545      -10.69791
        0.47768      -10.99567
        0.47991      -11.47310
        0.48214      -12.02796
        0.48438      -12.56133
        0.48661      -13.01126
        0.48884      -13.36953
        0.49107      -13.61991
        0.49330      -13.76708
        0.49554      -13.82285
        0.49777      -13.80842
        0.50000      -13.73705
        0.50223      -13.61560
        0.50446      -13.43879
        0.50670      -13.18773
        0.50893      -12.84163
        0.51116      -12.37825
        0.51339      -11.78124
        0.51562      -11.04435
        0.51786      -10.17522
        0.52009       -9.20196
        0.52232       -8.16443
        0.52455       -7.12418
        0.52679       -6.13684
        0.52902       -5.26507
        0.53125       -4.53240
        0.53348       -3.94901
        0.53571       -3.46582
        0.53795       -3.03394
        0.54018       -2.61649
        0.54241       -2.25509
        0.54464       -1.91689
        0.54688       -1.62928
        0.54911       -1.35461
        0.55134       -1.12728
        0.55357       -0.90303
        0.55580       -0.72299
        0.55804       -0.53741
        0.56027       -0.39298
        0.56250       -0.23666
        0.56473       -0.11778
        0.56696        0.01780
        0.56920        0.12054
        0.57143        0.24243
        0.57366        0.33514
        0.57589        0.44639
        0.57812        0.53212
        0.58036        0.63478
        0.58259        0.71594
        0.58482        0.81272
        0.58705        0.89061
        0.58929        0.98245
        0.59152        1.05571
        0.59375        1.14123
        0.59598        1.20883
        0.59821        1.28920
        0.60045        1.34760
        0.60268        1.43651
        0.60491        1.48009
        0.60714        1.54122
        0.60938        1.63198
        0.61161        1.64919
        0.61384        1.74110
        0.61607        1.77011
        0.61830        1.81896
        0.62054        1.86516
        0.62277        1.91141
        0.62500        1.94518
        0.62723        1.99086
        0.62946        2.02467
        0.63170        2.06154
        0.63393        2.09371
        0.63616        2.12723
        0.63839        2.15987
        0.64062        2.18864
        0.64286        2.22146
        0.64509        2.25554
        0.64732        2.27881
        0.64955        2.32733
        0.65179        2.36881
        0.65402        2.42142
        0.65625        2.45046
        0.65848        2.48271
        0.66071        2.49135
        0.66295        2.50508
        0.66518        2.50715
        0.66741        2.51714
        0.66964        2.51757
        0.67188        2.52727
        0.67411        2.52727
        0.67634        2.53560
        0.67857        2.53541
        0.68080        2.54241
        0.68304        2.54117
        0.68527        2.54633
        0.68750        2.54426
        0.68973        2.54880
        0.69196        2.54684
        0.69420        2.55128
        0.69643        2.54926
        0.69866        2.55258
        0.70089        2.54951
        0.70312        2.55170
        0.70536        2.54785
        0.70759        2.54967
        0.70982        2.54566
        0.71205        2.54733
        0.71429        2.54289
        0.71652        2.54323
        0.71875        2.53802
        0.72098        2.53751
        0.72321        2.53120
        0.72545        2.52962
        0.72768        2.52308
        0.72991        2.51996
        0.73214        2.51208
        0.73438        2.50674
        0.73661        2.49604
        0.73884        2.48726
        0.74107        2.47297
        0.74330        2.45993
        0.74554        2.44111
        0.74777        2.42882
        0.75000        2.42132
        0.75223        2.41928
        0.75446        2.41426
        0.75670        2.41203
        0.75893        2.40691
        0.76116        2.40584
        0.76339        2.40273
        0.76562        2.40395
        0.76786        2.40280
        0.77009        2.40399
        0.77232        2.40169
        0.77455        2.40135
        0.77679        2.39798
        0.77902        2.39823
        0.78125        2.39673
        0.78348        2.39887
        0.78571        2.39865
        0.78795        2.40007
        0.79018        2.39863
        0.79241        2.39822
        0.79464        2.39557
        0.79688        2.39585
        0.79911        2.39467
        0.80134        2.39727
        0.80357        2.39797
        0.80580        2.40153
        0.80804        2.40015
        0.81027        2.40134
        0.81250        2.40034
        0.81473        2.40227
        0.81696        2.40083
        0.81920        2.40583
        0.82143        2.40974
        0.82366        2.41103
        0.82589        2.41367
        0.82812        2.41456
        0.83036        2.41559
        0.83259        2.41795
        0.83482        2.42237
        0.83705        2.42977
        0.83929        2.44210
        0.84152        2.48502
        0.84375        2.50890
        0.84598        2.52365
        0.84821        2.53549
        0.85045        2.54444
        0.85268        2.55341
        0.85491        2.56137
        0.85714        2.56842
        0.85938        2.57474
        0.86161        2.58010
        0.86384        2.58244
        0.86607        2.58490
        0.86830        2.58590
        0.87054        2.59033
        0.87277        2.59432
        0.87500        2.60040
        0.87723        2.60308
        0.87946        2.60552
        0.88170        2.60564
        0.88393        2.60685
        0.88616        2.60516
        0.88839        2.60778
        0.89062        2.60819
        0.89286        2.61128
        0.89509        2.61096
        0.89732        2.61192
        0.89955        2.61057
        0.90179        2.61086
        0.90402        2.60837
        0.90625        2.60984
        0.90848        2.60889
        0.91071        2.61101
        0.91295        2.61036
        0.91518        2.61053
        0.91741        2.60877
        0.91964        2.60805
        0.92188        2.60462
        0.92411        2.60438
        0.92634        2.60177
        0.92857        2.60214
        0.93080        2.59955
        0.93304        2.59790
        0.93527        2.59440
        0.93750        2.59223
        0.93973        2.58751
        0.94196        2.58544
        0.94420        2.58123
        0.94643        2.57917
        0.94866        2.57478
        0.95089        2.56997
        0.95312        2.56426
        0.95536        2.55854
        0.95759        2.54962
        0.95982        2.54335
        0.96205        2.53309
        0.96429        2.52472
        0.96652        2.50999
        0.96875        2.49329
        0.97098        2.45682
        0.97321        2.43187
        0.97545        2.42080
        0.97768        2.41735
        0.97991        2.41141
        0.98214        2.41217
        0.98438        2.40855
        0.98661        2.40932
        0.98884        2.40486
        0.99107        2.40351
        0.99330        2.40051
        0.99554        2.39674
        0.99777        2.39953
        1.00000        2.39260
