        0.00223        2.93464
        0.00446        2.86615
        0.00670        2.82913
        0.00893        2.83296
        0.01116        2.88187
        0.01339        2.93985
        0.01562        2.93543
        0.01786        2.93505
        0.02009        2.93603
        0.02232        2.87410
        0.02455        2.83160
        0.02679        2.83075
        0.02902        2.87829
        0.03125        2.93966
        0.03348        2.93611
        0.03571        2.93480
        0.03795        2.93768
        0.04018        2.87930
        0.04241        2.83367
        0.04464        2.83086
        0.04688        2.87391
        0.04911        2.93846
        0.05134        2.93647
        0.05357        2.93491
        0.05580        2.93893
        0.05804        2.88589
        0.06027        2.83560
        0.06250        2.83032
        0.06473        2.86967
        0.06696        2.93624
        0.06920        2.93709
        0.07143        2.93470
        0.07366        2.93986
        0.07589        2.89239
        0.07812        2.83852
        0.08036        2.83012
        0.08259        2.86470
        0.08482        2.93357
        0.08705        2.93703
        0.08929        2.93475
        0.09152        2.93957
        0.09375        2.89870
        0.09598        2.84055
        0.09821        2.82971
        0.10045        2.86004
        0.10268        2.92689
        0.10491        2.93689
        0.10714        2.93473
        0.10938        2.93904
        0.11161        2.90291
        0.11384        2.84223
        0.11607        2.82928
        0.11830        2.85627
        0.12054        2.92178
        0.12277        2.93708
        0.12500        2.93483
        0.12723        2.93874
        0.12946        2.90709
        0.13170        2.84440
        0.13393        2.82946
        0.13616        2.85256
        0.13839        2.91727
        0.14062        2.93711
        0.14286        2.93476
        0.14509        2.93834
        0.14732        2.91095
        0.14955        2.84669
        0.15179        2.82925
        0.15402        2.84904
        0.15625        2.91269
        0.15848        2.93717
        0.16071        2.93443
        0.16295        2.93820
        0.16518        2.91426
        0.16741        2.84950
        0.16964        2.82851
        0.17188        2.84575
        0.17411        2.90891
        0.17634        2.93693
        0.17857        2.93442
        0.18080        2.93770
        0.18304        2.91834
        0.18527        2.85238
        0.18750        2.82786
        0.18973        2.84237
        0.19196        2.90538
        0.19420        2.93646
        0.19643        2.93441
        0.19866        2.93713
        0.20089        2.92291
        0.20312        2.85474
        0.20536        2.82714
        0.20759        2.83945
        0.20982        2.90151
        0.21205        2.93589
        0.21429        2.93407
        0.21652        2.93707
        0.21875        2.92777
        0.22098        2.85791
        0.22321        2.82663
        0.22545        2.83585
        0.22768        2.89694
        0.22991        2.93445
        0.23214        2.93422
        0.23438        2.93618
        0.23661        2.93162
        0.23884        2.86044
        0.24107        2.82756
        0.24330        2.83287
        0.24554        2.89041
        0.24777        2.93388
        0.25000        2.93347
        0.25223        2.93583
        0.25446        2.93290
        0.25670        2.86435
        0.25893        2.82616
        0.26116        2.82976
        0.26339        2.88498
        0.26562        2.93128
        0.26786        2.93357
        0.27009        2.93517
        0.27232        2.93395
        0.27455        2.86719
        0.27679        2.82737
        0.27902        2.82584
        0.28125        2.87844
        0.28348        2.92870
        0.28571        2.93346
        0.28795        2.93344
        0.29018        2.93546
        0.29241        2.86895
        0.29464        2.82255
        0.29688        2.82086
        0.29911        2.86616
        0.30134        2.92480
        0.30357        2.93034
        0.30580        2.93231
        0.30804        2.92674
        0.31027        2.86286
        0.31250        2.81206
        0.31473        2.80377
        0.31696        2.83458
        0.31920        2.90008
        0.32143        2.91131
        0.32366        2.90878
        0.32589        2.88867
        0.32812        2.82314
        0.33036        2.77431
        0.33259        2.76150
        0.33482        2.76963
        0.33705        2.81118
        0.33929        2.83146
        0.34152        2.82258
        0.34375        2.78163
        0.34598        2.71861
        0.34821        2.68000
        0.35045        2.66388
        0.35268        2.64897
        0.35491        2.64420
        0.35714        2.64694
        0.35938        2.62025
        0.36161        2.57982
        0.36384        2.53713
        0.36607        2.48991
        0.36830        2.46338
        0.37054        2.44588
        0.37277        2.37974
        0.37500        2.33699
        0.37723        2.29701
        0.37946        2.25449
        0.38170        2.18180
        0.38393        2.15164
        0.38616        2.07476
        0.38839        2.02358
        0.39062        1.96235
        0.39286        1.86638
        0.39509        1.81984
        0.39732        1.73643
        0.39955        1.67033
        0.40179        1.58732
        0.40402        1.51337
        0.40625        1.42091
        0.40848        1.33306
        0.41071        1.23511
        0.41295        1.14116
        0.41518        1.04266
        0.41741        0.94480
        0.41964        0.84375
        0.42188        0.74068
        0.42411        0.63339
        0.42634        0.51998
        0.42857        0.40282
        0.43080        0.27496
        0.43304        0.14268
        0.43527       -0.00606
        0.43750       -0.16259
        0.43973       -0.34420
        0.44196       -0.54048
        0.44420       -0.77202
        0.44643       -1.02543
        0.44866       -1.32265
        0.45089       -1.64880
        0.45312       -2.02750
        0.45536       -2.44509
        0.45759       -2.92569
        0.45982       -3.45662
        0.46205       -4.06130
        0.46429       -4.72895
        0.46652       -5.48659
        0.46875       -6.30584
        0.47098       -7.18421
        0.47321       -8.23289
        0.47545       -9.54739
        0.47768      -11.14234
        0.47991      -12.98293
        0.48214      -14.98437
        0.48438      -17.05232
        0.48661      -19.08377
        0.48884      -20.99255
        0.49107      -22.69966
        0.49330      -24.14807
        0.49554      -25.28871
        0.49777      -26.09324
        0.50000      -26.53928
        0.50223      -26.62199
        0.50446      -26.33924
        0.50670      -25.70823
        0.50893      -24.74765
        0.51116      -23.49668
        0.51339      -21.99927
        0.51562      -20.32447
        0.51786      -18.54650
        0.52009      -16.76316
        0.52232      -15.08122
        0.52455      -13.61998
        0.52679      -12.47003
        0.52902      -11.68181
        0.53125      -11.24170
        0.53348      -11.06825
        0.53571      -11.03174
        0.53795      -11.13339
        0.54018      -11.37357
        0.54241      -11.72235
        0.54464      -12.15773
        0.54688      -12.65775
        0.54911      -13.20439
        0.55134      -13.78122
        0.55357      -14.37703
        0.55580      -14.96074
        0.55804      -15.53654
        0.56027      -16.15958
        0.56250      -16.84573
        0.56473      -17.59143
        0.56696      -18.36004
        0.56920      -19.11523
        0.57143      -19.81079
        0.57366      -20.41480
        0.57589      -20.89184
        0.57812      -21.22518
        0.58036      -21.39733
        0.58259      -21.41084
        0.58482      -21.26676
        0.58705      -20.98622
        0.58929      -20.58460
        0.59152      -20.09688
        0.59375      -19.53305
        0.59598      -18.92298
        0.59821      -18.35248
        0.60045      -17.88909
        0.60268      -17.56372
        0.60491      -17.38637
        0.60714      -17.34382
        0.60938      -17.44356
        0.61161      -17.67957
        0.61384      -18.06589
        0.61607      -18.57778
        0.61830      -19.17637
        0.62054      -19.77504
        0.62277      -20.30814
        0.62500      -20.76333
        0.62723      -21.11877
        0.62946      -21.34441
        0.63170      -21.42576
        0.63393      -21.34599
        0.63616      -21.10748
        0.63839      -20.71168
        0.64062      -20.18015
        0.64286      -19.53302
        0.64509      -18.80932
        0.64732      -18.04210
        0.64955      -17.27961
        0.65179      -16.55429
        0.65402      -15.89615
        0.65625      -15.29573
        0.65848      -14.72434
        0.66071      -14.13013
        0.66295      -13.54124
        0.66518      -12.97415
        0.66741      -12.44580
        0.66964      -11.96900
        0.67188      -11.56765
        0.67411      -11.25996
        0.67634      -11.07403
        0.67857      -11.03271
        0.68080      -11.11909
        0.68304      -11.38363
        0.68527      -11.96517
        0.68750      -12.90209
        0.68973      -14.19225
        0.69196      -15.75520
        0.69420      -17.49598
        0.69643      -19.28695
        0.69866      -21.03520
        0.70089      -22.64293
        0.70312      -24.04796
        0.70536      -25.18134
        0.70759      -26.01193
        0.70982      -26.49848
        0.71205      -26.63397
        0.71429      -26.39784
        0.71652      -25.80508
        0.71875      -24.85562
        0.72098      -23.58625
        0.72321      -22.02140
        0.72545      -20.22602
        0.72768      -18.25317
        0.72991      -16.19850
        0.73214      -14.14209
        0.73438      -12.19954
        0.73661      -10.44845
        0.73884       -8.97192
        0.74107       -7.76881
        0.74330       -6.81053
        0.74554       -5.96115
        0.74777       -5.16451
        0.75000       -4.44223
        0.75223       -3.80514
        0.75446       -3.22756
        0.75670       -2.72257
        0.75893       -2.26383
        0.76116       -1.86814
        0.76339       -1.50624
        0.76562       -1.19840
        0.76786       -0.91356
        0.77009       -0.67610
        0.77232       -0.45287
        0.77455       -0.27025
        0.77679       -0.09219
        0.77902        0.05310
        0.78125        0.20253
        0.78348        0.32485
        0.78571        0.45609
        0.78795        0.56353
        0.79018        0.68246
        0.79241        0.77958
        0.79464        0.89006
        0.79688        0.98120
        0.79911        1.08791
        0.80134        1.17606
        0.80357        1.27998
        0.80580        1.36572
        0.80804        1.46437
        0.81027        1.53928
        0.81250        1.62712
        0.81473        1.69238
        0.81696        1.77807
        0.81920        1.83170
        0.82143        1.90968
        0.82366        1.97945
        0.82589        2.05790
        0.82812        2.09934
        0.83036        2.16873
        0.83259        2.19545
        0.83482        2.28240
        0.83705        2.30825
        0.83929        2.34556
        0.84152        2.44796
        0.84375        2.42115
        0.84598        2.47956
        0.84821        2.50038
        0.85045        2.56681
        0.85268        2.58958
        0.85491        2.64090
        0.85714        2.64262
        0.85938        2.65320
        0.86161        2.64374
        0.86384        2.67234
        0.86607        2.69168
        0.86830        2.74447
        0.87054        2.80022
        0.87277        2.83103
        0.87500        2.82657
        0.87723        2.79398
        0.87946        2.76119
        0.88170        2.76609
        0.88393        2.78530
        0.88616        2.85524
        0.88839        2.90075
        0.89062        2.91529
        0.89286        2.90980
        0.89509        2.87983
        0.89732        2.81032
        0.89955        2.80426
        0.90179        2.82398
        0.90402        2.89513
        0.90625        2.93117
        0.90848        2.93330
        0.91071        2.93075
        0.91295        2.91085
        0.91518        2.83401
        0.91741        2.81740
        0.91964        2.83223
        0.92188        2.90238
        0.92411        2.93434
        0.92634        2.93508
        0.92857        2.93252
        0.93080        2.92033
        0.93304        2.84280
        0.93527        2.82190
        0.93750        2.83414
        0.93973        2.90038
        0.94196        2.93567
        0.94420        2.93540
        0.94643        2.93338
        0.94866        2.92438
        0.95089        2.84881
        0.95312        2.82383
        0.95536        2.83306
        0.95759        2.89673
        0.95982        2.93621
        0.96205        2.93584
        0.96429        2.93354
        0.96652        2.92850
        0.96875        2.85359
        0.97098        2.82638
        0.97321        2.83288
        0.97545        2.89157
        0.97768        2.93756
        0.97991        2.93556
        0.98214        2.93425
        0.98438        2.93162
        0.98661        2.85931
        0.98884        2.82720
        0.99107        2.83305
        0.99330        2.88739
        0.99554        2.93841
        0.99777        2.93566
        1.00000        2.93472
