        0.00223        2.88146
        0.00446        2.88498
        0.00670        2.88682
        0.00893        2.89493
        0.01116        2.89050
        0.01339        2.88858
        0.01562        2.88684
        0.01786        2.88127
        0.02009        2.88097
        0.02232        2.88403
        0.02455        2.88537
        0.02679        2.89450
        0.02902        2.88943
        0.03125        2.88780
        0.03348        2.88661
        0.03571        2.88085
        0.03795        2.88061
        0.04018        2.88264
        0.04241        2.88430
        0.04464        2.89353
        0.04688        2.88841
        0.04911        2.88731
        0.05134        2.88574
        0.05357        2.88047
        0.05580        2.87990
        0.05804        2.88137
        0.06027        2.88321
        0.06250        2.89234
        0.06473        2.88753
        0.06696        2.88636
        0.06920        2.88489
        0.07143        2.87949
        0.07366        2.87876
        0.07589        2.87973
        0.07812        2.88213
        0.08036        2.89001
        0.08259        2.88549
        0.08482        2.88528
        0.08705        2.88363
        0.08929        2.87873
        0.09152        2.87708
        0.09375        2.87832
        0.09598        2.88050
        0.09821        2.88815
        0.10045        2.88490
        0.10268        2.88386
        0.10491        2.88262
        0.10714        2.87754
        0.10938        2.87528
        0.11161        2.87654
        0.11384        2.87887
        0.11607        2.88565
        0.11830        2.88360
        0.12054        2.88241
        0.12277        2.88117
        0.12500        2.87684
        0.12723        2.87325
        0.12946        2.87472
        0.13170        2.87728
        0.13393        2.88307
        0.13616        2.88194
        0.13839        2.88061
        0.14062        2.87855
        0.14286        2.87488
        0.14509        2.87002
        0.14732        2.87177
        0.14955        2.87388
        0.15179        2.87742
        0.15402        2.87730
        0.15625        2.87530
        0.15848        2.87146
        0.16071        2.86804
        0.16295        2.86168
        0.16518        2.86234
        0.16741        2.86334
        0.16964        2.86246
        0.17188        2.85946
        0.17411        2.85498
        0.17634        2.84612
        0.17857        2.84090
        0.18080        2.83390
        0.18304        2.82792
        0.18527        2.82533
        0.18750        2.81761
        0.18973        2.80039
        0.19196        2.78814
        0.19420        2.77022
        0.19643        2.76140
        0.19866        2.74422
        0.20089        2.73970
        0.20312        2.71638
        0.20536        2.70152
        0.20759        2.67624
        0.20982        2.66116
        0.21205        2.62941
        0.21429        2.61014
        0.21652        2.58564
        0.21875        2.56753
        0.22098        2.54159
        0.22321        2.48960
        0.22545        2.46796
        0.22768        2.44631
        0.22991        2.38285
        0.23214        2.32794
        0.23438        2.31120
        0.23661        2.23959
        0.23884        2.21401
        0.24107        2.14359
        0.24330        2.07781
        0.24554        2.03039
        0.24777        1.96096
        0.25000        1.89703
        0.25223        1.82832
        0.25446        1.75538
        0.25670        1.68198
        0.25893        1.60166
        0.26116        1.51811
        0.26339        1.43347
        0.26562        1.34556
        0.26786        1.25480
        0.27009        1.16037
        0.27232        1.06021
        0.27455        0.95883
        0.27679        0.85335
        0.27902        0.74834
        0.28125        0.64051
        0.28348        0.52989
        0.28571        0.41285
        0.28795        0.28738
        0.29018        0.15132
        0.29241        0.00331
        0.29464       -0.15805
        0.29688       -0.33667
        0.29911       -0.53553
        0.30134       -0.76156
        0.30357       -1.01692
        0.30580       -1.30875
        0.30804       -1.63745
        0.31027       -2.01146
        0.31250       -2.43162
        0.31473       -2.90834
        0.31696       -3.44271
        0.31920       -4.04634
        0.32143       -4.71970
        0.32366       -5.47989
        0.32589       -6.30253
        0.32812       -7.18683
        0.33036       -8.25612
        0.33259       -9.59212
        0.33482      -11.21139
        0.33705      -13.06917
        0.33929      -15.08459
        0.34152      -17.15847
        0.34375      -19.19434
        0.34598      -21.10427
        0.34821      -22.81701
        0.35045      -24.27473
        0.35268      -25.43569
        0.35491      -26.27040
        0.35714      -26.76305
        0.35938      -26.90702
        0.36161      -26.70619
        0.36384      -26.17599
        0.36607      -25.34501
        0.36830      -24.25641
        0.37054      -22.96525
        0.37277      -21.54066
        0.37500      -20.05948
        0.37723      -18.60642
        0.37946      -17.27759
        0.38170      -16.16354
        0.38393      -15.33596
        0.38616      -14.82126
        0.38839      -14.58601
        0.39062      -14.52462
        0.39286      -14.51501
        0.39509      -14.56845
        0.39732      -14.69133
        0.39955      -14.86240
        0.40179      -15.07435
        0.40402      -15.31476
        0.40625      -15.58362
        0.40848      -15.85574
        0.41071      -16.13756
        0.41295      -16.48735
        0.41518      -16.93393
        0.41741      -17.47902
        0.41964      -18.09594
        0.42188      -18.74592
        0.42411      -19.38629
        0.42634      -19.98029
        0.42857      -20.49701
        0.43080      -20.91284
        0.43304      -21.21287
        0.43527      -21.39056
        0.43750      -21.45192
        0.43973      -21.39416
        0.44196      -21.22332
        0.44420      -21.01693
        0.44643      -20.83586
        0.44866      -20.71406
        0.45089      -20.65294
        0.45312      -20.63618
        0.45536      -20.63531
        0.45759      -20.63540
        0.45982      -20.63811
        0.46205      -20.66675
        0.46429      -20.74554
        0.46652      -20.88858
        0.46875      -21.08193
        0.47098      -21.28612
        0.47321      -21.42625
        0.47545      -21.44391
        0.47768      -21.34605
        0.47991      -21.12915
        0.48214      -20.79051
        0.48438      -20.34048
        0.48661      -19.79556
        0.48884      -19.18336
        0.49107      -18.53503
        0.49330      -17.89140
        0.49554      -17.29306
        0.49777      -16.77832
        0.50000      -16.36362
        0.50223      -16.04122
        0.50446      -15.76769
        0.50670      -15.49398
        0.50893      -15.23241
        0.51116      -15.00160
        0.51339      -14.80039
        0.51562      -14.64484
        0.51786      -14.54031
        0.52009      -14.51224
        0.52232      -14.53306
        0.52455      -14.63392
        0.52679      -14.95156
        0.52902      -15.56580
        0.53125      -16.49114
        0.53348      -17.68318
        0.53571      -19.06237
        0.53795      -20.53465
        0.54018      -22.00631
        0.54241      -23.39637
        0.54464      -24.62931
        0.54688      -25.64083
        0.54911      -26.37910
        0.55134      -26.80638
        0.55357      -26.89726
        0.55580      -26.64175
        0.55804      -26.03773
        0.56027      -25.09650
        0.56250      -23.83600
        0.56473      -22.29173
        0.56696      -20.50825
        0.56920      -18.54989
        0.57143      -16.49118
        0.57366      -14.42580
        0.57589      -12.45007
        0.57812      -10.66196
        0.58036       -9.13082
        0.58259       -7.88582
        0.58482       -6.88807
        0.58705       -6.03503
        0.58929       -5.22468
        0.59152       -4.49563
        0.59375       -3.84325
        0.59598       -3.26481
        0.59821       -2.74737
        0.60045       -2.29174
        0.60268       -1.88475
        0.60491       -1.52809
        0.60714       -1.20944
        0.60938       -0.93196
        0.61161       -0.68435
        0.61384       -0.46965
        0.61607       -0.27588
        0.61830       -0.10504
        0.62054        0.05346
        0.62277        0.19591
        0.62500        0.32986
        0.62723        0.45101
        0.62946        0.56702
        0.63170        0.67513
        0.63393        0.78334
        0.63616        0.88704
        0.63839        0.99281
        0.64062        1.09254
        0.64286        1.19216
        0.64509        1.28427
        0.64732        1.37510
        0.64955        1.46050
        0.65179        1.54688
        0.65402        1.62682
        0.65625        1.70813
        0.65848        1.77752
        0.66071        1.85286
        0.66295        1.91645
        0.66518        1.98469
        0.66741        2.04800
        0.66964        2.10399
        0.67188        2.16284
        0.67411        2.22311
        0.67634        2.26294
        0.67857        2.32053
        0.68080        2.34477
        0.68304        2.40637
        0.68527        2.43842
        0.68750        2.47387
        0.68973        2.51013
        0.69196        2.55631
        0.69420        2.57256
        0.69643        2.59026
        0.69866        2.62822
        0.70089        2.63287
        0.70312        2.66977
        0.70536        2.67969
        0.70759        2.71057
        0.70982        2.71994
        0.71205        2.74353
        0.71429        2.74815
        0.71652        2.76743
        0.71875        2.77294
        0.72098        2.79342
        0.72321        2.80551
        0.72545        2.82150
        0.72768        2.82837
        0.72991        2.83217
        0.73214        2.83452
        0.73438        2.84167
        0.73661        2.84224
        0.73884        2.85795
        0.74107        2.86176
        0.74330        2.86750
        0.74554        2.86681
        0.74777        2.86384
        0.75000        2.86105
        0.75223        2.86836
        0.75446        2.86745
        0.75670        2.87803
        0.75893        2.87711
        0.76116        2.87970
        0.76339        2.87763
        0.76562        2.87275
        0.76786        2.86868
        0.77009        2.87616
        0.77232        2.87471
        0.77455        2.88384
        0.77679        2.88194
        0.77902        2.88351
        0.78125        2.88071
        0.78348        2.87537
        0.78571        2.87255
        0.78795        2.87870
        0.79018        2.87763
        0.79241        2.88555
        0.79464        2.88410
        0.79688        2.88498
        0.79911        2.88240
        0.80134        2.87680
        0.80357        2.87507
        0.80580        2.88015
        0.80804        2.87980
        0.81027        2.88665
        0.81250        2.88616
        0.81473        2.88642
        0.81696        2.88402
        0.81920        2.87768
        0.82143        2.87814
        0.82366        2.88125
        0.82589        2.88087
        0.82812        2.88774
        0.83036        2.88687
        0.83259        2.88816
        0.83482        2.88457
        0.83705        2.87859
        0.83929        2.87970
        0.84152        2.88207
        0.84375        2.88277
        0.84598        2.88834
        0.84821        2.88793
        0.85045        2.88990
        0.85268        2.88522
        0.85491        2.87978
        0.85714        2.87989
        0.85938        2.88253
        0.86161        2.88510
        0.86384        2.88822
        0.86607        2.88915
        0.86830        2.89137
        0.87054        2.88646
        0.87277        2.88070
        0.87500        2.88049
        0.87723        2.88304
        0.87946        2.88651
        0.88170        2.88861
        0.88393        2.88992
        0.88616        2.89324
        0.88839        2.88643
        0.89062        2.88229
        0.89286        2.88154
        0.89509        2.88273
        0.89732        2.88777
        0.89955        2.88943
        0.90179        2.89103
        0.90402        2.89519
        0.90625        2.88659
        0.90848        2.88361
        0.91071        2.88226
        0.91295        2.88278
        0.91518        2.88836
        0.91741        2.89026
        0.91964        2.89181
        0.92188        2.89670
        0.92411        2.88715
        0.92634        2.88534
        0.92857        2.88265
        0.93080        2.88298
        0.93304        2.88850
        0.93527        2.89060
        0.93750        2.89231
        0.93973        2.89667
        0.94196        2.88763
        0.94420        2.88592
        0.94643        2.88291
        0.94866        2.88267
        0.95089        2.88825
        0.95312        2.88981
        0.95536        2.89297
        0.95759        2.89415
        0.95982        2.88766
        0.96205        2.88614
        0.96429        2.88237
        0.96652        2.88215
        0.96875        2.88714
        0.97098        2.88893
        0.97321        2.89365
        0.97545        2.89283
        0.97768        2.88810
        0.97991        2.88668
        0.98214        2.88233
        0.98438        2.88185
        0.98661        2.88629
        0.98884        2.88773
        0.99107        2.89466
        0.99330        2.89190
        0.99554        2.88816
        0.99777        2.88691
        1.00000        2.88162
