        0.00223        1.95876
        0.00446        1.95918
        0.00670        1.96034
        0.00893        1.96144
        0.01116        1.96083
        0.01339        1.95980
        0.01562        1.96086
        0.01786        1.96050
        0.02009        1.96071
        0.02232        1.96202
        0.02455        1.96242
        0.02679        1.96338
        0.02902        1.96239
        0.03125        1.96049
        0.03348        1.96010
        0.03571        1.96111
        0.03795        1.96156
        0.04018        1.96451
        0.04241        1.96365
        0.04464        1.96452
        0.04688        1.96141
        0.04911        1.95950
        0.05134        1.95859
        0.05357        1.96211
        0.05580        1.96464
        0.05804        1.96631
        0.06027        1.96516
        0.06250        1.96672
        0.06473        1.96138
        0.06696        1.95973
        0.06920        1.95907
        0.07143        1.96282
        0.07366        1.96696
        0.07589        1.96668
        0.07812        1.96752
        0.08036        1.96644
        0.08259        1.96307
        0.08482        1.96025
        0.08705        1.95963
        0.08929        1.96266
        0.09152        1.96457
        0.09375        1.96484
        0.09598        1.96493
        0.09821        1.96279
        0.10045        1.96178
        0.10268        1.96157
        0.10491        1.96044
        0.10714        1.96282
        0.10938        1.96332
        0.11161        1.96341
        0.11384        1.96225
        0.11607        1.96158
        0.11830        1.96101
        0.12054        1.96138
        0.12277        1.95989
        0.12500        1.96129
        0.12723        1.96123
        0.12946        1.96105
        0.13170        1.95974
        0.13393        1.95958
        0.13616        1.95911
        0.13839        1.96032
        0.14062        1.95870
        0.14286        1.96041
        0.14509        1.95977
        0.14732        1.96047
        0.14955        1.95898
        0.15179        1.95898
        0.15402        1.95788
        0.15625        1.95900
        0.15848        1.95694
        0.16071        1.95891
        0.16295        1.95743
        0.16518        1.95850
        0.16741        1.95693
        0.16964        1.95729
        0.17188        1.95590
        0.17411        1.95739
        0.17634        1.95533
        0.17857        1.95739
        0.18080        1.95551
        0.18304        1.95676
        0.18527        1.95480
        0.18750        1.95486
        0.18973        1.95308
        0.19196        1.95471
        0.19420        1.95265
        0.19643        1.95434
        0.19866        1.95235
        0.20089        1.95394
        0.20312        1.95214
        0.20536        1.95258
        0.20759        1.95061
        0.20982        1.95234
        0.21205        1.94987
        0.21429        1.95169
        0.21652        1.94915
        0.21875        1.95063
        0.22098        1.94836
        0.22321        1.94897
        0.22545        1.94673
        0.22768        1.94867
        0.22991        1.94614
        0.23214        1.94825
        0.23438        1.94541
        0.23661        1.94703
        0.23884        1.94421
        0.24107        1.94460
        0.24330        1.94153
        0.24554        1.94317
        0.24777        1.94007
        0.25000        1.94190
        0.25223        1.93823
        0.25446        1.93978
        0.25670        1.93572
        0.25893        1.93590
        0.26116        1.93141
        0.26339        1.93267
        0.26562        1.92771
        0.26786        1.92914
        0.27009        1.92372
        0.27232        1.92484
        0.27455        1.91867
        0.27679        1.91818
        0.27902        1.91155
        0.28125        1.91058
        0.28348        1.90364
        0.28571        1.90323
        0.28795        1.89600
        0.29018        1.89353
        0.29241        1.88670
        0.29464        1.88219
        0.29688        1.87319
        0.29911        1.86871
        0.30134        1.85779
        0.30357        1.85412
        0.30580        1.84208
        0.30804        1.83630
        0.31027        1.82292
        0.31250        1.81408
        0.31473        1.79905
        0.31696        1.78990
        0.31920        1.77191
        0.32143        1.76205
        0.32366        1.74002
        0.32589        1.72751
        0.32812        1.70983
        0.33036        1.69109
        0.33259        1.66680
        0.33482        1.65593
        0.33705        1.62626
        0.33929        1.61048
        0.34152        1.58459
        0.34375        1.56388
        0.34598        1.53112
        0.34821        1.51801
        0.35045        1.47998
        0.35268        1.45937
        0.35491        1.41360
        0.35714        1.39663
        0.35938        1.36050
        0.36161        1.33072
        0.36384        1.29773
        0.36607        1.25999
        0.36830        1.21073
        0.37054        1.15554
        0.37277        1.13119
        0.37500        1.06586
        0.37723        1.02797
        0.37946        0.97725
        0.38170        0.93423
        0.38393        0.88138
        0.38616        0.83619
        0.38839        0.78005
        0.39062        0.73065
        0.39286        0.67199
        0.39509        0.62027
        0.39732        0.55988
        0.39955        0.50633
        0.40179        0.44315
        0.40402        0.38622
        0.40625        0.31894
        0.40848        0.25735
        0.41071        0.18628
        0.41295        0.12047
        0.41518        0.04532
        0.41741       -0.02700
        0.41964       -0.10951
        0.42188       -0.19241
        0.42411       -0.28567
        0.42634       -0.38215
        0.42857       -0.48903
        0.43080       -0.60228
        0.43304       -0.72717
        0.43527       -0.86264
        0.43750       -1.01126
        0.43973       -1.17376
        0.44196       -1.35040
        0.44420       -1.54395
        0.44643       -1.75405
        0.44866       -1.98530
        0.45089       -2.23638
        0.45312       -2.51261
        0.45536       -2.81162
        0.45759       -3.14060
        0.45982       -3.49316
        0.46205       -3.85607
        0.46429       -4.25162
        0.46652       -4.71826
        0.46875       -5.28602
        0.47098       -5.97836
        0.47321       -6.80281
        0.47545       -7.75418
        0.47768       -8.81469
        0.47991       -9.95461
        0.48214      -11.14080
        0.48438      -12.33368
        0.48661      -13.49914
        0.48884      -14.60042
        0.49107      -15.61116
        0.49330      -16.50319
        0.49554      -17.26035
        0.49777      -17.86394
        0.50000      -18.30714
        0.50223      -18.58018
        0.50446      -18.68528
        0.50670      -18.62182
        0.50893      -18.40142
        0.51116      -18.03287
        0.51339      -17.53708
        0.51562      -16.93205
        0.51786      -16.24720
        0.52009      -15.51006
        0.52232      -14.76054
        0.52455      -14.03423
        0.52679      -13.34535
        0.52902      -12.75455
        0.53125      -12.36236
        0.53348      -12.24779
        0.53571      -12.48006
        0.53795      -13.09076
        0.54018      -14.07652
        0.54241      -15.38918
        0.54464      -16.95768
        0.54688      -18.68035
        0.54911      -20.47785
        0.55134      -22.29184
        0.55357      -24.05020
        0.55580      -25.68429
        0.55804      -27.13758
        0.56027      -28.36005
        0.56250      -29.31468
        0.56473      -29.97093
        0.56696      -30.31108
        0.56920      -30.32368
        0.57143      -30.01003
        0.57366      -29.37755
        0.57589      -28.44644
        0.57812      -27.24317
        0.58036      -25.80733
        0.58259      -24.18475
        0.58482      -22.43474
        0.58705      -20.62158
        0.58929      -18.82124
        0.59152      -17.08948
        0.59375      -15.50557
        0.59598      -14.16869
        0.59821      -13.15555
        0.60045      -12.51336
        0.60268      -12.25246
        0.60491      -12.34079
        0.60714      -12.71442
        0.60938      -13.29213
        0.61161      -13.97729
        0.61384      -14.70044
        0.61607      -15.44987
        0.61830      -16.18900
        0.62054      -16.87983
        0.62277      -17.49175
        0.62500      -17.99776
        0.62723      -18.37663
        0.62946      -18.61011
        0.63170      -18.68596
        0.63393      -18.59517
        0.63616      -18.33504
        0.63839      -17.90594
        0.64062      -17.31435
        0.64286      -16.56961
        0.64509      -15.68719
        0.64732      -14.68564
        0.64955      -13.59022
        0.65179      -12.42909
        0.65402      -11.23686
        0.65625      -10.04896
        0.65848       -8.90401
        0.66071       -7.83594
        0.66295       -6.87535
        0.66518       -6.03996
        0.66741       -5.33790
        0.66964       -4.75997
        0.67188       -4.28750
        0.67411       -3.88621
        0.67634       -3.52365
        0.67857       -3.16828
        0.68080       -2.83877
        0.68304       -2.53567
        0.68527       -2.25965
        0.68750       -2.00465
        0.68973       -1.77385
        0.69196       -1.56025
        0.69420       -1.36726
        0.69643       -1.18764
        0.69866       -1.02563
        0.70089       -0.87453
        0.70312       -0.73932
        0.70536       -0.61255
        0.70759       -0.49937
        0.70982       -0.39128
        0.71205       -0.29459
        0.71429       -0.20074
        0.71652       -0.11720
        0.71875       -0.03477
        0.72098        0.03853
        0.72321        0.11309
        0.72545        0.17997
        0.72768        0.25017
        0.72991        0.31308
        0.73214        0.37913
        0.73438        0.43793
        0.73661        0.49921
        0.73884        0.55508
        0.74107        0.61305
        0.74330        0.66725
        0.74554        0.72342
        0.74777        0.77530
        0.75000        0.82922
        0.75223        0.87578
        0.75446        0.92862
        0.75670        0.96778
        0.75893        1.03293
        0.76116        1.08125
        0.76339        1.10920
        0.76562        1.18389
        0.76786        1.20357
        0.77009        1.25671
        0.77232        1.28583
        0.77455        1.32754
        0.77679        1.36668
        0.77902        1.37872
        0.78125        1.41216
        0.78348        1.47011
        0.78571        1.47263
        0.78795        1.50694
        0.79018        1.53708
        0.79241        1.55413
        0.79464        1.58476
        0.79688        1.60741
        0.79911        1.62447
        0.80134        1.65031
        0.80357        1.66594
        0.80580        1.68771
        0.80804        1.70807
        0.81027        1.72384
        0.81250        1.74020
        0.81473        1.75850
        0.81696        1.77030
        0.81920        1.78651
        0.82143        1.79758
        0.82366        1.81138
        0.82589        1.82207
        0.82812        1.83273
        0.83036        1.84095
        0.83259        1.85146
        0.83482        1.85686
        0.83705        1.86676
        0.83929        1.87168
        0.84152        1.88029
        0.84375        1.88629
        0.84598        1.89198
        0.84821        1.89372
        0.85045        1.90169
        0.85268        1.90154
        0.85491        1.90942
        0.85714        1.91149
        0.85938        1.91596
        0.86161        1.91804
        0.86384        1.92287
        0.86607        1.92305
        0.86830        1.92735
        0.87054        1.92716
        0.87277        1.93139
        0.87500        1.93118
        0.87723        1.93489
        0.87946        1.93482
        0.88170        1.93829
        0.88393        1.93761
        0.88616        1.94054
        0.88839        1.93944
        0.89062        1.94213
        0.89286        1.94130
        0.89509        1.94370
        0.89732        1.94318
        0.89955        1.94578
        0.90179        1.94485
        0.90402        1.94712
        0.90625        1.94541
        0.90848        1.94744
        0.91071        1.94636
        0.91295        1.94826
        0.91518        1.94759
        0.91741        1.94978
        0.91964        1.94869
        0.92188        1.95069
        0.92411        1.94911
        0.92634        1.95108
        0.92857        1.95012
        0.93080        1.95202
        0.93304        1.95141
        0.93527        1.95311
        0.93750        1.95192
        0.93973        1.95357
        0.94196        1.95184
        0.94420        1.95362
        0.94643        1.95258
        0.94866        1.95433
        0.95089        1.95394
        0.95312        1.95576
        0.95536        1.95508
        0.95759        1.95645
        0.95982        1.95507
        0.96205        1.95662
        0.96429        1.95542
        0.96652        1.95657
        0.96875        1.95605
        0.97098        1.95754
        0.97321        1.95710
        0.97545        1.95821
        0.97768        1.95679
        0.97991        1.95830
        0.98214        1.95731
        0.98438        1.95835
        0.98661        1.95801
        0.98884        1.95968
        0.99107        1.95987
        0.99330        1.95983
        0.99554        1.95873
        0.99777        1.95980
        1.00000        1.95850
