        0.00223        1.51734
        0.00446        1.50836
        0.00670        1.49176
        0.00893        1.48616
        0.01116        1.48777
        0.01339        1.50036
        0.01562        1.51088
        0.01786        1.51039
        0.02009        1.51960
        0.02232        1.51294
        0.02455        1.49529
        0.02679        1.48823
        0.02902        1.49017
        0.03125        1.49950
        0.03348        1.50996
        0.03571        1.50926
        0.03795        1.51741
        0.04018        1.51218
        0.04241        1.49350
        0.04464        1.48531
        0.04688        1.48619
        0.04911        1.49344
        0.05134        1.50527
        0.05357        1.50436
        0.05580        1.51201
        0.05804        1.50926
        0.06027        1.49212
        0.06250        1.48464
        0.06473        1.48615
        0.06696        1.49378
        0.06920        1.50690
        0.07143        1.50640
        0.07366        1.51343
        0.07589        1.51244
        0.07812        1.49431
        0.08036        1.48609
        0.08259        1.48695
        0.08482        1.49429
        0.08705        1.50764
        0.08929        1.50722
        0.09152        1.51384
        0.09375        1.51332
        0.09598        1.49614
        0.09821        1.48713
        0.10045        1.48717
        0.10268        1.49281
        0.10491        1.50653
        0.10714        1.50652
        0.10938        1.51196
        0.11161        1.51221
        0.11384        1.49531
        0.11607        1.48568
        0.11830        1.48499
        0.12054        1.49092
        0.12277        1.50426
        0.12500        1.50468
        0.12723        1.51010
        0.12946        1.51156
        0.13170        1.49465
        0.13393        1.48463
        0.13616        1.48336
        0.13839        1.48938
        0.14062        1.50262
        0.14286        1.50372
        0.14509        1.50928
        0.14732        1.51090
        0.14955        1.49540
        0.15179        1.48480
        0.15402        1.48308
        0.15625        1.48850
        0.15848        1.50152
        0.16071        1.50398
        0.16295        1.50816
        0.16518        1.51026
        0.16741        1.49496
        0.16964        1.48409
        0.17188        1.48094
        0.17411        1.48741
        0.17634        1.49873
        0.17857        1.50115
        0.18080        1.50569
        0.18304        1.50812
        0.18527        1.49370
        0.18750        1.48205
        0.18973        1.47849
        0.19196        1.48489
        0.19420        1.49512
        0.19643        1.49860
        0.19866        1.50234
        0.20089        1.50503
        0.20312        1.49066
        0.20536        1.47822
        0.20759        1.47307
        0.20982        1.47865
        0.21205        1.48682
        0.21429        1.49074
        0.21652        1.49393
        0.21875        1.49412
        0.22098        1.47927
        0.22321        1.46396
        0.22545        1.45754
        0.22768        1.45856
        0.22991        1.46470
        0.23214        1.47012
        0.23438        1.46983
        0.23661        1.46525
        0.23884        1.44890
        0.24107        1.43116
        0.24330        1.42270
        0.24554        1.41851
        0.24777        1.41643
        0.25000        1.42202
        0.25223        1.41299
        0.25446        1.40567
        0.25670        1.38189
        0.25893        1.37025
        0.26116        1.35024
        0.26339        1.34363
        0.26562        1.33180
        0.26786        1.33084
        0.27009        1.31137
        0.27232        1.29947
        0.27455        1.27323
        0.27679        1.26091
        0.27902        1.23363
        0.28125        1.22279
        0.28348        1.19275
        0.28571        1.19361
        0.28795        1.15593
        0.29018        1.12624
        0.29241        1.10888
        0.29464        1.07558
        0.29688        1.04586
        0.29911        1.01724
        0.30134        0.98844
        0.30357        0.95179
        0.30580        0.91599
        0.30804        0.88153
        0.31027        0.83371
        0.31250        0.79710
        0.31473        0.74982
        0.31696        0.70474
        0.31920        0.65982
        0.32143        0.60626
        0.32366        0.55545
        0.32589        0.51356
        0.32812        0.45247
        0.33036        0.39912
        0.33259        0.34388
        0.33482        0.29683
        0.33705        0.20884
        0.33929        0.17622
        0.34152        0.07051
        0.34375        0.02571
        0.34598       -0.05720
        0.34821       -0.12299
        0.35045       -0.19700
        0.35268       -0.27612
        0.35491       -0.34748
        0.35714       -0.43595
        0.35938       -0.50831
        0.36161       -0.60662
        0.36384       -0.68325
        0.36607       -0.79214
        0.36830       -0.87784
        0.37054       -1.00296
        0.37277       -1.10517
        0.37500       -1.25198
        0.37723       -1.37739
        0.37946       -1.55197
        0.38170       -1.70920
        0.38393       -1.92007
        0.38616       -2.11982
        0.38839       -2.37611
        0.39062       -2.62808
        0.39286       -2.93808
        0.39509       -3.25166
        0.39732       -3.62556
        0.39955       -4.01272
        0.40179       -4.46310
        0.40402       -4.93725
        0.40625       -5.47765
        0.40848       -6.05491
        0.41071       -6.69325
        0.41295       -7.34814
        0.41518       -8.12481
        0.41741       -9.07193
        0.41964      -10.25238
        0.42188      -11.64518
        0.42411      -13.23817
        0.42634      -14.95825
        0.42857      -16.75921
        0.43080      -18.55998
        0.43304      -20.31773
        0.43527      -21.96655
        0.43750      -23.47965
        0.43973      -24.80984
        0.44196      -25.94611
        0.44420      -26.85687
        0.44643      -27.54365
        0.44866      -27.98701
        0.45089      -28.19829
        0.45312      -28.16786
        0.45536      -27.91532
        0.45759      -27.44041
        0.45982      -26.77215
        0.46205      -25.91990
        0.46429      -24.89821
        0.46652      -23.74664
        0.46875      -22.57072
        0.47098      -21.44074
        0.47321      -20.45774
        0.47545      -19.68306
        0.47768      -19.16573
        0.47991      -18.93649
        0.48214      -18.99648
        0.48438      -19.30753
        0.48661      -19.80069
        0.48884      -20.36635
        0.49107      -20.88104
        0.49330      -21.28762
        0.49554      -21.59115
        0.49777      -21.75443
        0.50000      -21.76854
        0.50223      -21.61015
        0.50446      -21.28062
        0.50670      -20.76791
        0.50893      -20.08400
        0.51116      -19.22873
        0.51339      -18.22655
        0.51562      -17.09079
        0.51786      -15.85952
        0.52009      -14.55923
        0.52232      -13.23935
        0.52455      -11.93413
        0.52679      -10.69507
        0.52902       -9.55165
        0.53125       -8.54922
        0.53348       -7.68881
        0.53571       -6.97219
        0.53795       -6.37721
        0.54018       -5.87170
        0.54241       -5.39510
        0.54464       -4.93444
        0.54688       -4.50403
        0.54911       -4.11280
        0.55134       -3.74866
        0.55357       -3.42046
        0.55580       -3.11494
        0.55804       -2.84206
        0.56027       -2.58607
        0.56250       -2.35982
        0.56473       -2.14558
        0.56696       -1.96033
        0.56920       -1.78275
        0.57143       -1.63293
        0.57366       -1.48468
        0.57589       -1.36187
        0.57812       -1.23525
        0.58036       -1.13349
        0.58259       -1.02497
        0.58482       -0.94089
        0.58705       -0.84630
        0.58929       -0.77271
        0.59152       -0.68546
        0.59375       -0.61736
        0.59598       -0.53576
        0.59821       -0.47162
        0.60045       -0.39576
        0.60268       -0.33568
        0.60491       -0.26564
        0.60714       -0.20785
        0.60938       -0.14134
        0.61161       -0.08309
        0.61384       -0.02302
        0.61607        0.03717
        0.61830        0.07784
        0.62054        0.15944
        0.62277        0.17919
        0.62500        0.29440
        0.62723        0.29271
        0.62946        0.36770
        0.63170        0.38978
        0.63393        0.44146
        0.63616        0.48972
        0.63839        0.52011
        0.64062        0.56061
        0.64286        0.61399
        0.64509        0.63285
        0.64732        0.68196
        0.64955        0.70227
        0.65179        0.73918
        0.65402        0.78372
        0.65625        0.80503
        0.65848        0.83063
        0.66071        0.84752
        0.66295        0.88848
        0.66518        0.90121
        0.66741        0.92635
        0.66964        0.94560
        0.67188        0.97014
        0.67411        0.98296
        0.67634        1.01061
        0.67857        1.01926
        0.68080        1.04434
        0.68304        1.03960
        0.68527        1.05872
        0.68750        1.06550
        0.68973        1.08597
        0.69196        1.10451
        0.69420        1.12741
        0.69643        1.13494
        0.69866        1.14273
        0.70089        1.13889
        0.70312        1.14521
        0.70536        1.14329
        0.70759        1.16494
        0.70982        1.17942
        0.71205        1.19944
        0.71429        1.20071
        0.71652        1.20322
        0.71875        1.19071
        0.72098        1.19133
        0.72321        1.18774
        0.72545        1.20814
        0.72768        1.21901
        0.72991        1.23280
        0.73214        1.23395
        0.73438        1.23466
        0.73661        1.21850
        0.73884        1.21521
        0.74107        1.21196
        0.74330        1.22831
        0.74554        1.23707
        0.74777        1.24720
        0.75000        1.24867
        0.75223        1.24820
        0.75446        1.23063
        0.75670        1.22463
        0.75893        1.22258
        0.76116        1.23508
        0.76339        1.24329
        0.76562        1.25162
        0.76786        1.25355
        0.77009        1.25346
        0.77232        1.23570
        0.77455        1.22842
        0.77679        1.22670
        0.77902        1.23743
        0.78125        1.24639
        0.78348        1.25393
        0.78571        1.25576
        0.78795        1.25661
        0.79018        1.23935
        0.79241        1.23111
        0.79464        1.22923
        0.79688        1.23879
        0.79911        1.24891
        0.80134        1.25564
        0.80357        1.25729
        0.80580        1.25903
        0.80804        1.24173
        0.81027        1.23241
        0.81250        1.23084
        0.81473        1.23871
        0.81696        1.24882
        0.81920        1.25528
        0.82143        1.25671
        0.82366        1.26030
        0.82589        1.24229
        0.82812        1.23261
        0.83036        1.23091
        0.83259        1.23785
        0.83482        1.24838
        0.83705        1.25492
        0.83929        1.25580
        0.84152        1.26032
        0.84375        1.24231
        0.84598        1.23220
        0.84821        1.22995
        0.85045        1.23646
        0.85268        1.24793
        0.85491        1.25542
        0.85714        1.25702
        0.85938        1.26361
        0.86161        1.24645
        0.86384        1.23572
        0.86607        1.23367
        0.86830        1.23908
        0.87054        1.25102
        0.87277        1.25764
        0.87500        1.25899
        0.87723        1.26619
        0.87946        1.24935
        0.88170        1.23736
        0.88393        1.23484
        0.88616        1.23837
        0.88839        1.25080
        0.89062        1.25697
        0.89286        1.25755
        0.89509        1.26551
        0.89732        1.24865
        0.89955        1.23588
        0.90179        1.23321
        0.90402        1.23711
        0.90625        1.25096
        0.90848        1.25861
        0.91071        1.26020
        0.91295        1.26958
        0.91518        1.25400
        0.91741        1.23998
        0.91964        1.23677
        0.92188        1.23992
        0.92411        1.25332
        0.92634        1.26072
        0.92857        1.26178
        0.93080        1.27189
        0.93304        1.25765
        0.93527        1.24318
        0.93750        1.23874
        0.93973        1.24032
        0.94196        1.25374
        0.94420        1.26113
        0.94643        1.26107
        0.94866        1.27098
        0.95089        1.25747
        0.95312        1.24258
        0.95536        1.23847
        0.95759        1.24077
        0.95982        1.25420
        0.96205        1.26254
        0.96429        1.26335
        0.96652        1.27459
        0.96875        1.26147
        0.97098        1.24576
        0.97321        1.23960
        0.97545        1.24141
        0.97768        1.25320
        0.97991        1.26198
        0.98214        1.26238
        0.98438        1.27305
        0.98661        1.27125
        0.98884        1.28117
        0.99107        1.31540
        0.99330        1.36358
        0.99554        1.42331
        0.99777        1.47215
        1.00000        1.49881
