        0.00223        1.65761
        0.00446        1.63363
        0.00670        1.63712
        0.00893        1.63944
        0.01116        1.66207
        0.01339        1.65801
        0.01562        1.66285
        0.01786        1.64614
        0.02009        1.62734
        0.02232        1.60770
        0.02455        1.60870
        0.02679        1.60473
        0.02902        1.62372
        0.03125        1.63838
        0.03348        1.65927
        0.03571        1.68831
        0.03795        1.71313
        0.04018        1.74923
        0.04241        1.77826
        0.04464        1.79753
        0.04688        1.82756
        0.04911        1.82689
        0.05134        1.83525
        0.05357        1.82447
        0.05580        1.81646
        0.05804        1.78690
        0.06027        1.77608
        0.06250        1.74395
        0.06473        1.70669
        0.06696        1.64837
        0.06920        1.56596
        0.07143        1.46954
        0.07366        1.43380
        0.07589        1.36280
        0.07812        1.32910
        0.08036        1.24564
        0.08259        1.21585
        0.08482        1.13594
        0.08705        1.09107
        0.08929        1.01579
        0.09152        0.96578
        0.09375        0.88195
        0.09598        0.85551
        0.09821        0.75731
        0.10045        0.70592
        0.10268        0.63537
        0.10491        0.56708
        0.10714        0.46232
        0.10938        0.45273
        0.11161        0.30584
        0.11384        0.26678
        0.11607        0.16016
        0.11830        0.09137
        0.12054       -0.00352
        0.12277       -0.08760
        0.12500       -0.17582
        0.12723       -0.27102
        0.12946       -0.35509
        0.13170       -0.46414
        0.13393       -0.54826
        0.13616       -0.67379
        0.13839       -0.76462
        0.14062       -0.91270
        0.14286       -1.01833
        0.14509       -1.19415
        0.14732       -1.32367
        0.14955       -1.53489
        0.15179       -1.70150
        0.15402       -1.95816
        0.15625       -2.17594
        0.15848       -2.48720
        0.16071       -2.76955
        0.16295       -3.14670
        0.16518       -3.50943
        0.16741       -3.96767
        0.16964       -4.42837
        0.17188       -4.98482
        0.17411       -5.56355
        0.17634       -6.21537
        0.17857       -6.89059
        0.18080       -7.73836
        0.18304       -8.75365
        0.18527       -9.99192
        0.18750      -11.36552
        0.18973      -12.84256
        0.19196      -14.30113
        0.19420      -15.69779
        0.19643      -16.94079
        0.19866      -18.02502
        0.20089      -18.91195
        0.20312      -19.64313
        0.20536      -20.22330
        0.20759      -20.71981
        0.20982      -21.12194
        0.21205      -21.49986
        0.21429      -21.88040
        0.21652      -22.31192
        0.21875      -22.76572
        0.22098      -23.22225
        0.22321      -23.62569
        0.22545      -23.94089
        0.22768      -24.11210
        0.22991      -24.13662
        0.23214      -24.00570
        0.23438      -23.76877
        0.23661      -23.45842
        0.23884      -23.14607
        0.24107      -22.85162
        0.24330      -22.59676
        0.24554      -22.32148
        0.24777      -21.96141
        0.25000      -21.42023
        0.25223      -20.73765
        0.25446      -19.90391
        0.25670      -18.94170
        0.25893      -17.84429
        0.26116      -16.65031
        0.26339      -15.36823
        0.26562      -14.05256
        0.26786      -12.72833
        0.27009      -11.46411
        0.27232      -10.29200
        0.27455       -9.27808
        0.27679       -8.45792
        0.27902       -7.91464
        0.28125       -7.50686
        0.28348       -7.24747
        0.28571       -7.14900
        0.28795       -7.14974
        0.29018       -7.23919
        0.29241       -7.41974
        0.29464       -7.75496
        0.29688       -8.32367
        0.29911       -9.13889
        0.30134      -10.17994
        0.30357      -11.37010
        0.30580      -12.62699
        0.30804      -13.85334
        0.31027      -14.97871
        0.31250      -15.94384
        0.31473      -16.72728
        0.31696      -17.32334
        0.31920      -17.75827
        0.32143      -18.06322
        0.32366      -18.28350
        0.32589      -18.44881
        0.32812      -18.58322
        0.33036      -18.68096
        0.33259      -18.72807
        0.33482      -18.68853
        0.33705      -18.53345
        0.33929      -18.20720
        0.34152      -17.73235
        0.34375      -17.15705
        0.34598      -16.56209
        0.34821      -16.03064
        0.35045      -15.63155
        0.35268      -15.44664
        0.35491      -15.51812
        0.35714      -15.85605
        0.35938      -16.41339
        0.36161      -17.10133
        0.36384      -17.79354
        0.36607      -18.43382
        0.36830      -19.02380
        0.37054      -19.53247
        0.37277      -19.94607
        0.37500      -20.24753
        0.37723      -20.43461
        0.37946      -20.50178
        0.38170      -20.45996
        0.38393      -20.28696
        0.38616      -20.01796
        0.38839      -19.75772
        0.39062      -19.57784
        0.39286      -19.50831
        0.39509      -19.53770
        0.39732      -19.62832
        0.39955      -19.73543
        0.40179      -19.82228
        0.40402      -19.86628
        0.40625      -19.85966
        0.40848      -19.79730
        0.41071      -19.68922
        0.41295      -19.54086
        0.41518      -19.34490
        0.41741      -19.09525
        0.41964      -18.79131
        0.42188      -18.46235
        0.42411      -18.08187
        0.42634      -17.62039
        0.42857      -17.03172
        0.43080      -16.28469
        0.43304      -15.35128
        0.43527      -14.23646
        0.43750      -12.95772
        0.43973      -11.57518
        0.44196      -10.15120
        0.44420       -8.78881
        0.44643       -7.55447
        0.44866       -6.53989
        0.45089       -5.74129
        0.45312       -5.16709
        0.45536       -4.71717
        0.45759       -4.35446
        0.45982       -4.08382
        0.46205       -3.94038
        0.46429       -3.92035
        0.46652       -4.06741
        0.46875       -4.30741
        0.47098       -4.58350
        0.47321       -4.90132
        0.47545       -5.38463
        0.47768       -6.04535
        0.47991       -6.88123
        0.48214       -7.87378
        0.48438       -9.06710
        0.48661      -10.45241
        0.48884      -12.00539
        0.49107      -13.63467
        0.49330      -15.29698
        0.49554      -16.89950
        0.49777      -18.40258
        0.50000      -19.71348
        0.50223      -20.77752
        0.50446      -21.59494
        0.50670      -22.24777
        0.50893      -22.74268
        0.51116      -23.11152
        0.51339      -23.31375
        0.51562      -23.35338
        0.51786      -23.19049
        0.52009      -22.85299
        0.52232      -22.33926
        0.52455      -21.72109
        0.52679      -21.04030
        0.52902      -20.38495
        0.53125      -19.74018
        0.53348      -19.14208
        0.53571      -18.56881
        0.53795      -18.03591
        0.54018      -17.48956
        0.54241      -16.92714
        0.54464      -16.27294
        0.54688      -15.51231
        0.54911      -14.57764
        0.55134      -13.48042
        0.55357      -12.19383
        0.55580      -10.78453
        0.55804       -9.27667
        0.56027       -7.78365
        0.56250       -6.35226
        0.56473       -5.09533
        0.56696       -4.01627
        0.56920       -3.15656
        0.57143       -2.42293
        0.57366       -1.77798
        0.57589       -1.14249
        0.57812       -0.59985
        0.58036       -0.08001
        0.58259        0.35522
        0.58482        0.77996
        0.58705        1.12552
        0.58929        1.47160
        0.59152        1.74319
        0.59375        2.02471
        0.59598        2.23550
        0.59821        2.46393
        0.60045        2.62660
        0.60268        2.81479
        0.60491        2.94395
        0.60714        3.10332
        0.60938        3.20834
        0.61161        3.34317
        0.61384        3.42834
        0.61607        3.54539
        0.61830        3.62071
        0.62054        3.73076
        0.62277        3.80521
        0.62500        3.90932
        0.62723        3.98448
        0.62946        4.07739
        0.63170        4.14654
        0.63393        4.23253
        0.63616        4.29552
        0.63839        4.38132
        0.64062        4.44631
        0.64286        4.52439
        0.64509        4.60031
        0.64732        4.65356
        0.64955        4.72904
        0.65179        4.77991
        0.65402        4.85138
        0.65625        4.89424
        0.65848        5.00813
        0.66071        5.03062
        0.66295        5.07929
        0.66518        5.19966
        0.66741        5.14128
        0.66964        5.29907
        0.67188        5.42118
        0.67411        5.40249
        0.67634        5.61846
        0.67857        5.70782
        0.68080        5.85564
        0.68304        5.85485
        0.68527        5.92068
        0.68750        5.91511
        0.68973        5.96285
        0.69196        5.95437
        0.69420        6.00020
        0.69643        5.96354
        0.69866        6.02984
        0.70089        5.99371
        0.70312        6.05784
        0.70536        6.05304
        0.70759        6.09255
        0.70982        6.06989
        0.71205        6.11438
        0.71429        6.06525
        0.71652        6.11851
        0.71875        6.07642
        0.72098        6.13362
        0.72321        6.10897
        0.72545        6.14801
        0.72768        6.12388
        0.72991        6.14734
        0.73214        6.12316
        0.73438        6.12324
        0.73661        6.12238
        0.73884        6.11392
        0.74107        6.13977
        0.74330        6.11377
        0.74554        6.14743
        0.74777        6.09996
        0.75000        6.12401
        0.75223        6.07313
        0.75446        6.09653
        0.75670        6.07682
        0.75893        6.09708
        0.76116        6.08427
        0.76339        6.08123
        0.76562        6.06892
        0.76786        6.04559
        0.77009        6.04173
        0.77232        6.02167
        0.77455        6.02819
        0.77679        6.01371
        0.77902        6.01912
        0.78125        6.00028
        0.78348        5.99059
        0.78571        5.96045
        0.78795        5.93873
        0.79018        5.90702
        0.79241        5.90229
        0.79464        5.87133
        0.79688        5.82430
        0.79911        5.76315
        0.80134        5.74938
        0.80357        5.72187
        0.80580        5.70984
        0.80804        5.69651
        0.81027        5.70893
        0.81250        5.71759
        0.81473        5.73314
        0.81696        5.73253
        0.81920        5.72885
        0.82143        5.71053
        0.82366        5.70213
        0.82589        5.69314
        0.82812        5.70663
        0.83036        5.72438
        0.83259        5.74094
        0.83482        5.74701
        0.83705        5.74945
        0.83929        5.73784
        0.84152        5.73985
        0.84375        5.77960
        0.84598        5.85876
        0.84821        5.90012
        0.85045        5.92563
        0.85268        5.94402
        0.85491        5.95867
        0.85714        5.96737
        0.85938        5.96184
        0.86161        5.96906
        0.86384        5.97944
        0.86607        6.00492
        0.86830        6.01274
        0.87054        6.02868
        0.87277        6.02659
        0.87500        5.87912
        0.87723        5.43313
        0.87946        4.78287
        0.88170        4.00980
        0.88393        3.25037
        0.88616        2.61538
        0.88839        2.18039
        0.89062        2.03928
        0.89286        2.02513
        0.89509        2.02184
        0.89732        2.00858
        0.89955        2.02549
        0.90179        2.02523
        0.90402        2.05266
        0.90625        2.04514
        0.90848        2.04876
        0.91071        2.03746
        0.91295        2.03332
        0.91518        2.01746
        0.91741        2.02713
        0.91964        2.02840
        0.92188        2.04918
        0.92411        2.03273
        0.92634        2.05242
        0.92857        2.02529
        0.93080        2.02516
        0.93304        1.99269
        0.93527        2.01788
        0.93750        2.00187
        0.93973        2.03307
        0.94196        2.00869
        0.94420        2.02285
        0.94643        1.99696
        0.94866        1.98909
        0.95089        1.96545
        0.95312        1.97167
        0.95536        1.96578
        0.95759        1.98086
        0.95982        1.96591
        0.96205        1.96426
        0.96429        1.94743
        0.96652        1.92803
        0.96875        1.90035
        0.97098        1.89607
        0.97321        1.88545
        0.97545        1.88634
        0.97768        1.84418
        0.97991        1.81312
        0.98214        1.73324
        0.98438        1.69649
        0.98661        1.66807
        0.98884        1.66925
        0.99107        1.66669
        0.99330        1.69246
        0.99554        1.68579
        0.99777        1.69134
        1.00000        1.67249
