        0.00223        2.83812
        0.00446        2.85386
        0.00670        2.83250
        0.00893        2.84093
        0.01116        2.82468
        0.01339        2.85818
        0.01562        2.85640
        0.01786        2.89238
        0.02009        2.86870
        0.02232        2.89238
        0.02455        2.86514
        0.02679        2.88066
        0.02902        2.85229
        0.03125        2.88487
        0.03348        2.87118
        0.03571        2.91055
        0.03795        2.88185
        0.04018        2.92091
        0.04241        2.89203
        0.04464        2.92288
        0.04688        2.88306
        0.04911        2.91871
        0.05134        2.88137
        0.05357        2.93028
        0.05580        2.87037
        0.05804        2.93237
        0.06027        2.87957
        0.06250        2.94594
        0.06473        2.87873
        0.06696        2.95823
        0.06920        2.88806
        0.07143        2.95538
        0.07366        2.88511
        0.07589        2.93930
        0.07812        2.90002
        0.08036        2.92479
        0.08259        2.90050
        0.08482        2.91677
        0.08705        2.91931
        0.08929        2.91196
        0.09152        2.93611
        0.09375        2.91068
        0.09598        2.93693
        0.09821        2.89548
        0.10045        2.92730
        0.10268        2.90041
        0.10491        2.92489
        0.10714        2.89571
        0.10938        2.92101
        0.11161        2.88458
        0.11384        2.92181
        0.11607        2.88475
        0.11830        2.92237
        0.12054        2.88177
        0.12277        2.93037
        0.12500        2.88055
        0.12723        2.92547
        0.12946        2.85830
        0.13170        2.91432
        0.13393        2.83914
        0.13616        2.90355
        0.13839        2.82657
        0.14062        2.91155
        0.14286        2.83221
        0.14509        2.91405
        0.14732        2.81866
        0.14955        2.89825
        0.15179        2.79658
        0.15402        2.86866
        0.15625        2.78356
        0.15848        2.86501
        0.16071        2.78914
        0.16295        2.84955
        0.16518        2.77029
        0.16741        2.83184
        0.16964        2.79930
        0.17188        2.89019
        0.17411        2.83313
        0.17634        2.87155
        0.17857        2.77988
        0.18080        2.81092
        0.18304        2.74056
        0.18527        2.76408
        0.18750        2.69716
        0.18973        2.72270
        0.19196        2.66560
        0.19420        2.69593
        0.19643        2.64276
        0.19866        2.66907
        0.20089        2.58935
        0.20312        2.56447
        0.20536        2.45025
        0.20759        2.41355
        0.20982        2.32748
        0.21205        2.32626
        0.21429        2.27020
        0.21652        2.26405
        0.21875        2.20766
        0.22098        2.19839
        0.22321        2.14360
        0.22545        2.12732
        0.22768        2.08205
        0.22991        2.06749
        0.23214        1.99566
        0.23438        1.99758
        0.23661        1.92368
        0.23884        1.90939
        0.24107        1.82561
        0.24330        1.84093
        0.24554        1.72249
        0.24777        1.70805
        0.25000        1.62797
        0.25223        1.61999
        0.25446        1.53119
        0.25670        1.45058
        0.25893        1.40787
        0.26116        1.33673
        0.26339        1.23966
        0.26562        1.21536
        0.26786        1.08665
        0.27009        1.03675
        0.27232        0.93835
        0.27455        0.87388
        0.27679        0.77599
        0.27902        0.70572
        0.28125        0.60284
        0.28348        0.52386
        0.28571        0.41437
        0.28795        0.32401
        0.29018        0.20611
        0.29241        0.10211
        0.29464       -0.02925
        0.29688       -0.15350
        0.29911       -0.30668
        0.30134       -0.46022
        0.30357       -0.64351
        0.30580       -0.83436
        0.30804       -1.05583
        0.31027       -1.29271
        0.31250       -1.56310
        0.31473       -1.85695
        0.31696       -2.18859
        0.31920       -2.55002
        0.32143       -2.95601
        0.32366       -3.39009
        0.32589       -3.85395
        0.32812       -4.39141
        0.33036       -5.06917
        0.33259       -5.89730
        0.33482       -6.89197
        0.33705       -8.00716
        0.33929       -9.22549
        0.34152      -10.47653
        0.34375      -11.74135
        0.34598      -12.95182
        0.34821      -14.10157
        0.35045      -15.13365
        0.35268      -16.05419
        0.35491      -16.81837
        0.35714      -17.44089
        0.35938      -17.88778
        0.36161      -18.17859
        0.36384      -18.28821
        0.36607      -18.23974
        0.36830      -18.01552
        0.37054      -17.64338
        0.37277      -17.11323
        0.37500      -16.45937
        0.37723      -15.68093
        0.37946      -14.82084
        0.38170      -13.88996
        0.38393      -12.94170
        0.38616      -12.00026
        0.38839      -11.12848
        0.39062      -10.34874
        0.39286       -9.72627
        0.39509       -9.32555
        0.39732       -9.20282
        0.39955       -9.35287
        0.40179       -9.77458
        0.40402      -10.37852
        0.40625      -11.12892
        0.40848      -12.00204
        0.41071      -12.96118
        0.41295      -13.99993
        0.41518      -15.15150
        0.41741      -16.39887
        0.41964      -17.71859
        0.42188      -19.03997
        0.42411      -20.29350
        0.42634      -21.38848
        0.42857      -22.26896
        0.43080      -22.89808
        0.43304      -23.28180
        0.43527      -23.42950
        0.43750      -23.36963
        0.43973      -23.13142
        0.44196      -22.75962
        0.44420      -22.29688
        0.44643      -21.78490
        0.44866      -21.25673
        0.45089      -20.72131
        0.45312      -20.18189
        0.45536      -19.69861
        0.45759      -19.32301
        0.45982      -19.08075
        0.46205      -18.95987
        0.46429      -18.90168
        0.46652      -18.89059
        0.46875      -18.92970
        0.47098      -19.01840
        0.47321      -19.20253
        0.47545      -19.52514
        0.47768      -19.96554
        0.47991      -20.49133
        0.48214      -21.03074
        0.48438      -21.56222
        0.48661      -22.08289
        0.48884      -22.57284
        0.49107      -22.98653
        0.49330      -23.28895
        0.49554      -23.42663
        0.49777      -23.37279
        0.50000      -23.08875
        0.50223      -22.56755
        0.50446      -21.78904
        0.50670      -20.78200
        0.50893      -19.58305
        0.51116      -18.28341
        0.51339      -16.95101
        0.51562      -15.67060
        0.51786      -14.47270
        0.52009      -13.39086
        0.52232      -12.39810
        0.52455      -11.48816
        0.52679      -10.67702
        0.52902      -10.01498
        0.53125       -9.50009
        0.53348       -9.23491
        0.53571       -9.23753
        0.53795       -9.52755
        0.54018      -10.06041
        0.54241      -10.78656
        0.54464      -11.61937
        0.54688      -12.54082
        0.54911      -13.48781
        0.55134      -14.43460
        0.55357      -15.32469
        0.55580      -16.14498
        0.55804      -16.85000
        0.56027      -17.43889
        0.56250      -17.87495
        0.56473      -18.16758
        0.56696      -18.28618
        0.56920      -18.24908
        0.57143      -18.02930
        0.57366      -17.65418
        0.57589      -17.09884
        0.57812      -16.40017
        0.58036      -15.53716
        0.58259      -14.55686
        0.58482      -13.44707
        0.58705      -12.26507
        0.58929      -11.01237
        0.59152       -9.75607
        0.59375       -8.51283
        0.59598       -7.35347
        0.59821       -6.29919
        0.60045       -5.40266
        0.60268       -4.65933
        0.60491       -4.07041
        0.60714       -3.58078
        0.60938       -3.13993
        0.61161       -2.71586
        0.61384       -2.33998
        0.61607       -1.99224
        0.61830       -1.68670
        0.62054       -1.40245
        0.62277       -1.15643
        0.62500       -0.92357
        0.62723       -0.72580
        0.62946       -0.53322
        0.63170       -0.37421
        0.63393       -0.21364
        0.63616       -0.08546
        0.63839        0.05119
        0.64062        0.15752
        0.64286        0.27881
        0.64509        0.37098
        0.64732        0.48241
        0.64955        0.56372
        0.65179        0.66741
        0.65402        0.73971
        0.65625        0.83855
        0.65848        0.90483
        0.66071        1.00175
        0.66295        1.06399
        0.66518        1.15834
        0.66741        1.21580
        0.66964        1.30426
        0.67188        1.35511
        0.67411        1.43757
        0.67634        1.48162
        0.67857        1.56166
        0.68080        1.63157
        0.68304        1.69207
        0.68527        1.70328
        0.68750        1.80858
        0.68973        1.80568
        0.69196        1.88139
        0.69420        1.90650
        0.69643        1.97852
        0.69866        1.98259
        0.70089        2.05352
        0.70312        2.05129
        0.70536        2.12626
        0.70759        2.12054
        0.70982        2.18518
        0.71205        2.18729
        0.71429        2.25530
        0.71652        2.24791
        0.71875        2.32073
        0.72098        2.31089
        0.72321        2.38604
        0.72545        2.41541
        0.72768        2.52561
        0.72991        2.56203
        0.73214        2.65993
        0.73438        2.64172
        0.73661        2.69620
        0.73884        2.65635
        0.74107        2.71840
        0.74330        2.69086
        0.74554        2.74661
        0.74777        2.72276
        0.75000        2.78946
        0.75223        2.75095
        0.75446        2.80112
        0.75670        2.75230
        0.75893        2.81815
        0.76116        2.75378
        0.76339        2.86396
        0.76562        2.77898
        0.76786        2.88332
        0.77009        2.80773
        0.77232        2.88526
        0.77455        2.81194
        0.77679        2.88789
        0.77902        2.82440
        0.78125        2.90718
        0.78348        2.85435
        0.78571        2.92721
        0.78795        2.86871
        0.79018        2.93233
        0.79241        2.86502
        0.79464        2.93199
        0.79688        2.86724
        0.79911        2.94978
        0.80134        2.88525
        0.80357        2.96728
        0.80580        2.89630
        0.80804        2.97030
        0.81027        2.89438
        0.81250        2.96272
        0.81473        2.89789
        0.81696        2.97039
        0.81920        2.91373
        0.82143        2.97598
        0.82366        2.92247
        0.82589        2.97010
        0.82812        2.92341
        0.83036        2.95527
        0.83259        2.93271
        0.83482        2.95867
        0.83705        2.95719
        0.83929        2.95603
        0.84152        2.96704
        0.84375        2.93926
        0.84598        2.96041
        0.84821        2.91165
        0.85045        2.96048
        0.85268        2.91234
        0.85491        2.98093
        0.85714        2.91986
        0.85938        2.98941
        0.86161        2.91467
        0.86384        2.97523
        0.86607        2.89383
        0.86830        2.96127
        0.87054        2.90103
        0.87277        2.96449
        0.87500        2.90770
        0.87723        2.95210
        0.87946        2.90167
        0.88170        2.93200
        0.88393        2.88600
        0.88616        2.92966
        0.88839        2.88970
        0.89062        2.94505
        0.89286        2.88404
        0.89509        2.94029
        0.89732        2.87036
        0.89955        2.90866
        0.90179        2.83922
        0.90402        2.88608
        0.90625        2.85200
        0.90848        2.89705
        0.91071        2.86658
        0.91295        2.88632
        0.91518        2.86202
        0.91741        2.85469
        0.91964        2.82534
        0.92188        2.83465
        0.92411        2.82947
        0.92634        2.84947
        0.92857        2.84158
        0.93080        2.84955
        0.93304        2.82791
        0.93527        2.83092
        0.93750        2.79728
        0.93973        2.81395
        0.94196        2.79814
        0.94420        2.83472
        0.94643        2.81298
        0.94866        2.82706
        0.95089        2.81252
        0.95312        2.80110
        0.95536        2.78747
        0.95759        2.78737
        0.95982        2.79083
        0.96205        2.80642
        0.96429        2.80947
        0.96652        2.80799
        0.96875        2.80868
        0.97098        2.79636
        0.97321        2.78903
        0.97545        2.78455
        0.97768        2.79986
        0.97991        2.80817
        0.98214        2.82319
        0.98438        2.81730
        0.98661        2.82843
        0.98884        2.80945
        0.99107        2.81593
        0.99330        2.79998
        0.99554        2.82553
        0.99777        2.81738
        1.00000        2.85286
