        0.00223        1.62322
        0.00446        1.63835
        0.00670        1.62888
        0.00893        1.57010
        0.01116        1.47000
        0.01339        1.36687
        0.01562        1.25630
        0.01786        1.17713
        0.02009        1.13546
        0.02232        1.13157
        0.02455        1.14193
        0.02679        1.13968
        0.02902        1.12027
        0.03125        1.11493
        0.03348        1.10325
        0.03571        1.10293
        0.03795        1.11730
        0.04018        1.13152
        0.04241        1.14281
        0.04464        1.14212
        0.04688        1.12229
        0.04911        1.11626
        0.05134        1.10471
        0.05357        1.10251
        0.05580        1.11725
        0.05804        1.13102
        0.06027        1.14327
        0.06250        1.14366
        0.06473        1.12336
        0.06696        1.11720
        0.06920        1.10558
        0.07143        1.10136
        0.07366        1.11645
        0.07589        1.12980
        0.07812        1.14256
        0.08036        1.14349
        0.08259        1.12320
        0.08482        1.11691
        0.08705        1.10580
        0.08929        1.09901
        0.09152        1.11412
        0.09375        1.12652
        0.09598        1.13970
        0.09821        1.14132
        0.10045        1.12106
        0.10268        1.11460
        0.10491        1.10405
        0.10714        1.09504
        0.10938        1.11038
        0.11161        1.12211
        0.11384        1.13555
        0.11607        1.13836
        0.11830        1.11831
        0.12054        1.11157
        0.12277        1.10117
        0.12500        1.09100
        0.12723        1.10582
        0.12946        1.11713
        0.13170        1.13153
        0.13393        1.13477
        0.13616        1.11559
        0.13839        1.10772
        0.14062        1.09777
        0.14286        1.08672
        0.14509        1.10119
        0.14732        1.11229
        0.14955        1.12622
        0.15179        1.13195
        0.15402        1.11221
        0.15625        1.10348
        0.15848        1.09410
        0.16071        1.08162
        0.16295        1.09578
        0.16518        1.10691
        0.16741        1.12180
        0.16964        1.12811
        0.17188        1.10931
        0.17411        1.09993
        0.17634        1.09064
        0.17857        1.07763
        0.18080        1.09114
        0.18304        1.10358
        0.18527        1.11799
        0.18750        1.12554
        0.18973        1.10859
        0.19196        1.09837
        0.19420        1.08865
        0.19643        1.07612
        0.19866        1.08738
        0.20089        1.10075
        0.20312        1.11626
        0.20536        1.12403
        0.20759        1.10949
        0.20982        1.09611
        0.21205        1.08874
        0.21429        1.07371
        0.21652        1.08484
        0.21875        1.09815
        0.22098        1.11434
        0.22321        1.12233
        0.22545        1.10964
        0.22768        1.09543
        0.22991        1.08733
        0.23214        1.07127
        0.23438        1.08134
        0.23661        1.09531
        0.23884        1.10992
        0.24107        1.12116
        0.24330        1.10723
        0.24554        1.09300
        0.24777        1.08441
        0.25000        1.06680
        0.25223        1.07479
        0.25446        1.08884
        0.25670        1.10302
        0.25893        1.11374
        0.26116        1.10252
        0.26339        1.08442
        0.26562        1.07404
        0.26786        1.05432
        0.27009        1.06062
        0.27232        1.07299
        0.27455        1.08464
        0.27679        1.09675
        0.27902        1.08371
        0.28125        1.06235
        0.28348        1.04702
        0.28571        1.02606
        0.28795        1.02651
        0.29018        1.03780
        0.29241        1.04173
        0.29464        1.05240
        0.29688        1.03930
        0.29911        1.01231
        0.30134        0.98523
        0.30357        0.96296
        0.30580        0.95241
        0.30804        0.96129
        0.31027        0.94972
        0.31250        0.95898
        0.31473        0.93296
        0.31696        0.90793
        0.31920        0.85513
        0.32143        0.84098
        0.32366        0.81004
        0.32589        0.81284
        0.32812        0.78891
        0.33036        0.76689
        0.33259        0.72903
        0.33482        0.67850
        0.33705        0.63426
        0.33929        0.60472
        0.34152        0.55713
        0.34375        0.54307
        0.34598        0.48534
        0.34821        0.39833
        0.35045        0.35681
        0.35268        0.29559
        0.35491        0.23164
        0.35714        0.16850
        0.35938        0.10794
        0.36161        0.02603
        0.36384       -0.03885
        0.36607       -0.13526
        0.36830       -0.21093
        0.37054       -0.30606
        0.37277       -0.38596
        0.37500       -0.48377
        0.37723       -0.57843
        0.37946       -0.68465
        0.38170       -0.78092
        0.38393       -0.89086
        0.38616       -0.99584
        0.38839       -1.11259
        0.39062       -1.22771
        0.39286       -1.35825
        0.39509       -1.49147
        0.39732       -1.64158
        0.39955       -1.79744
        0.40179       -1.97528
        0.40402       -2.16621
        0.40625       -2.38644
        0.40848       -2.62840
        0.41071       -2.90735
        0.41295       -3.21667
        0.41518       -3.57069
        0.41741       -3.96531
        0.41964       -4.41470
        0.42188       -4.91949
        0.42411       -5.48142
        0.42634       -6.09139
        0.42857       -6.83294
        0.43080       -7.76509
        0.43304       -8.91140
        0.43527      -10.23981
        0.43750      -11.70085
        0.43973      -13.22015
        0.44196      -14.73426
        0.44420      -16.17583
        0.44643      -17.49905
        0.44866      -18.65817
        0.45089      -19.62816
        0.45312      -20.38233
        0.45536      -20.91500
        0.45759      -21.22035
        0.45982      -21.30625
        0.46205      -21.17702
        0.46429      -20.85068
        0.46652      -20.34588
        0.46875      -19.69157
        0.47098      -18.90735
        0.47321      -18.08042
        0.47545      -17.32542
        0.47768      -16.74972
        0.47991      -16.42777
        0.48214      -16.42150
        0.48438      -16.73594
        0.48661      -17.31840
        0.48884      -18.04910
        0.49107      -18.78605
        0.49330      -19.45396
        0.49554      -20.01726
        0.49777      -20.42303
        0.50000      -20.64479
        0.50223      -20.66121
        0.50446      -20.47420
        0.50670      -20.09193
        0.50893      -19.54339
        0.51116      -18.86697
        0.51339      -18.10540
        0.51562      -17.32906
        0.51786      -16.64045
        0.52009      -16.13495
        0.52232      -15.91718
        0.52455      -16.01811
        0.52679      -16.42172
        0.52902      -17.05378
        0.53125      -17.82965
        0.53348      -18.62955
        0.53571      -19.35305
        0.53795      -19.94974
        0.54018      -20.40228
        0.54241      -20.67346
        0.54464      -20.74821
        0.54688      -20.60651
        0.54911      -20.24653
        0.55134      -19.65930
        0.55357      -18.85688
        0.55580      -17.84586
        0.55804      -16.65696
        0.56027      -15.31690
        0.56250      -13.87564
        0.56473      -12.37936
        0.56696      -10.89676
        0.56920       -9.48645
        0.57143       -8.21694
        0.57366       -7.12375
        0.57589       -6.22737
        0.57812       -5.48950
        0.58036       -4.86854
        0.58259       -4.32584
        0.58482       -3.83506
        0.58705       -3.39501
        0.58929       -3.00889
        0.59152       -2.66313
        0.59375       -2.36076
        0.59598       -2.08867
        0.59821       -1.85061
        0.60045       -1.63331
        0.60268       -1.44277
        0.60491       -1.26659
        0.60714       -1.11210
        0.60938       -0.96588
        0.61161       -0.83500
        0.61384       -0.70531
        0.61607       -0.58631
        0.61830       -0.46646
        0.62054       -0.35905
        0.62277       -0.25299
        0.62500       -0.15860
        0.62723       -0.06089
        0.62946        0.03029
        0.63170        0.12812
        0.63393        0.21899
        0.63616        0.31337
        0.63839        0.39340
        0.64062        0.47494
        0.64286        0.54246
        0.64509        0.61994
        0.64732        0.67856
        0.64955        0.75851
        0.65179        0.82499
        0.65402        0.88398
        0.65625        0.95216
        0.65848        0.99602
        0.66071        1.04978
        0.66295        1.09764
        0.66518        1.14872
        0.66741        1.18627
        0.66964        1.21537
        0.67188        1.24893
        0.67411        1.27683
        0.67634        1.30791
        0.67857        1.35345
        0.68080        1.38531
        0.68304        1.42386
        0.68527        1.43291
        0.68750        1.44376
        0.68973        1.43399
        0.69196        1.44460
        0.69420        1.46719
        0.69643        1.49651
        0.69866        1.51802
        0.70089        1.54862
        0.70312        1.54658
        0.70536        1.53536
        0.70759        1.52903
        0.70982        1.52028
        0.71205        1.53624
        0.71429        1.55983
        0.71652        1.57405
        0.71875        1.59753
        0.72098        1.59352
        0.72321        1.57433
        0.72545        1.56678
        0.72768        1.55588
        0.72991        1.56251
        0.73214        1.58627
        0.73438        1.59885
        0.73661        1.61591
        0.73884        1.61354
        0.74107        1.59171
        0.74330        1.58461
        0.74554        1.57205
        0.74777        1.57505
        0.75000        1.59549
        0.75223        1.60782
        0.75446        1.62453
        0.75670        1.62177
        0.75893        1.60043
        0.76116        1.59224
        0.76339        1.57903
        0.76562        1.57839
        0.76786        1.60005
        0.77009        1.61148
        0.77232        1.62634
        0.77455        1.62617
        0.77679        1.60425
        0.77902        1.59674
        0.78125        1.58161
        0.78348        1.58096
        0.78571        1.60058
        0.78795        1.61306
        0.79018        1.62789
        0.79241        1.62886
        0.79464        1.60692
        0.79688        1.59963
        0.79911        1.58542
        0.80134        1.58278
        0.80357        1.60218
        0.80580        1.61379
        0.80804        1.62921
        0.81027        1.63030
        0.81250        1.60974
        0.81473        1.60192
        0.81696        1.58872
        0.81920        1.58425
        0.82143        1.60303
        0.82366        1.61443
        0.82589        1.62955
        0.82812        1.63174
        0.83036        1.61120
        0.83259        1.60390
        0.83482        1.59187
        0.83705        1.58413
        0.83929        1.60403
        0.84152        1.61566
        0.84375        1.62903
        0.84598        1.63353
        0.84821        1.61359
        0.85045        1.60637
        0.85268        1.59544
        0.85491        1.58587
        0.85714        1.60558
        0.85938        1.61576
        0.86161        1.63107
        0.86384        1.63449
        0.86607        1.61712
        0.86830        1.60796
        0.87054        1.59895
        0.87277        1.58780
        0.87500        1.60673
        0.87723        1.61684
        0.87946        1.63137
        0.88170        1.63661
        0.88393        1.61944
        0.88616        1.61004
        0.88839        1.60172
        0.89062        1.58977
        0.89286        1.60721
        0.89509        1.61718
        0.89732        1.63244
        0.89955        1.63749
        0.90179        1.62154
        0.90402        1.61197
        0.90625        1.60464
        0.90848        1.59134
        0.91071        1.60767
        0.91295        1.61742
        0.91518        1.63300
        0.91741        1.63878
        0.91964        1.62516
        0.92188        1.61384
        0.92411        1.60774
        0.92634        1.59443
        0.92857        1.60793
        0.93080        1.61900
        0.93304        1.63382
        0.93527        1.64085
        0.93750        1.62833
        0.93973        1.61663
        0.94196        1.61064
        0.94420        1.59676
        0.94643        1.60898
        0.94866        1.61976
        0.95089        1.63486
        0.95312        1.64259
        0.95536        1.63163
        0.95759        1.61862
        0.95982        1.61375
        0.96205        1.59902
        0.96429        1.60931
        0.96652        1.62044
        0.96875        1.63582
        0.97098        1.64411
        0.97321        1.63542
        0.97545        1.62110
        0.97768        1.61613
        0.97991        1.60171
        0.98214        1.60999
        0.98438        1.62171
        0.98661        1.63717
        0.98884        1.64602
        0.99107        1.63972
        0.99330        1.62359
        0.99554        1.61845
        0.99777        1.60499
        1.00000        1.61051
