        0.00223        2.34399
        0.00446        2.34674
        0.00670        2.34060
        0.00893        2.32037
        0.01116        2.30050
        0.01339        2.29669
        0.01562        2.31246
        0.01786        2.33042
        0.02009        2.34655
        0.02232        2.35059
        0.02455        2.34490
        0.02679        2.32382
        0.02902        2.30399
        0.03125        2.29835
        0.03348        2.31167
        0.03571        2.32870
        0.03795        2.34486
        0.04018        2.34920
        0.04241        2.34375
        0.04464        2.32184
        0.04688        2.30211
        0.04911        2.29502
        0.05134        2.30673
        0.05357        2.32347
        0.05580        2.34082
        0.05804        2.34561
        0.06027        2.34159
        0.06250        2.32037
        0.06473        2.30138
        0.06696        2.29385
        0.06920        2.30517
        0.07143        2.32320
        0.07366        2.34227
        0.07589        2.34771
        0.07812        2.34389
        0.08036        2.32227
        0.08259        2.30374
        0.08482        2.29390
        0.08705        2.30363
        0.08929        2.32202
        0.09152        2.34096
        0.09375        2.34526
        0.09598        2.34154
        0.09821        2.31995
        0.10045        2.29932
        0.10268        2.28926
        0.10491        2.29668
        0.10714        2.31719
        0.10938        2.33625
        0.11161        2.34300
        0.11384        2.33899
        0.11607        2.31990
        0.11830        2.30033
        0.12054        2.28899
        0.12277        2.29637
        0.12500        2.31583
        0.12723        2.33611
        0.12946        2.34268
        0.13170        2.33994
        0.13393        2.32090
        0.13616        2.30183
        0.13839        2.28811
        0.14062        2.29492
        0.14286        2.31345
        0.14509        2.33377
        0.14732        2.33936
        0.14955        2.33808
        0.15179        2.31866
        0.15402        2.30067
        0.15625        2.28545
        0.15848        2.29090
        0.16071        2.31106
        0.16295        2.33229
        0.16518        2.33945
        0.16741        2.33970
        0.16964        2.32112
        0.17188        2.30431
        0.17411        2.28750
        0.17634        2.29168
        0.17857        2.31162
        0.18080        2.33247
        0.18304        2.34103
        0.18527        2.34135
        0.18750        2.32233
        0.18973        2.30479
        0.19196        2.28529
        0.19420        2.28791
        0.19643        2.30623
        0.19866        2.32526
        0.20089        2.33537
        0.20312        2.33637
        0.20536        2.31660
        0.20759        2.29909
        0.20982        2.27753
        0.21205        2.27860
        0.21429        2.29479
        0.21652        2.31032
        0.21875        2.32158
        0.22098        2.32029
        0.22321        2.30025
        0.22545        2.28187
        0.22768        2.25700
        0.22991        2.25397
        0.23214        2.26590
        0.23438        2.27932
        0.23661        2.28980
        0.23884        2.28613
        0.24107        2.26516
        0.24330        2.24294
        0.24554        2.21761
        0.24777        2.21157
        0.25000        2.21400
        0.25223        2.22794
        0.25446        2.23157
        0.25670        2.22554
        0.25893        2.20041
        0.26116        2.17605
        0.26339        2.15371
        0.26562        2.14407
        0.26786        2.13353
        0.27009        2.14077
        0.27232        2.12764
        0.27455        2.12412
        0.27679        2.09689
        0.27902        2.06850
        0.28125        2.04689
        0.28348        2.02179
        0.28571        2.01833
        0.28795        1.98853
        0.29018        1.96744
        0.29241        1.95307
        0.29464        1.91103
        0.29688        1.89628
        0.29911        1.85488
        0.30134        1.84072
        0.30357        1.80541
        0.30580        1.75827
        0.30804        1.73364
        0.31027        1.68588
        0.31250        1.64891
        0.31473        1.61172
        0.31696        1.56976
        0.31920        1.53288
        0.32143        1.48353
        0.32366        1.41667
        0.32589        1.36958
        0.32812        1.31746
        0.33036        1.26826
        0.33259        1.21586
        0.33482        1.16505
        0.33705        1.10885
        0.33929        1.04943
        0.34152        0.98149
        0.34375        0.91666
        0.34598        0.84885
        0.34821        0.78432
        0.35045        0.71659
        0.35268        0.64912
        0.35491        0.57559
        0.35714        0.50020
        0.35938        0.41818
        0.36161        0.33625
        0.36384        0.24984
        0.36607        0.16367
        0.36830        0.07075
        0.37054       -0.02682
        0.37277       -0.13599
        0.37500       -0.25339
        0.37723       -0.38406
        0.37946       -0.52449
        0.38170       -0.68047
        0.38393       -0.85036
        0.38616       -1.04082
        0.38839       -1.25070
        0.39062       -1.48571
        0.39286       -1.74433
        0.39509       -2.03167
        0.39732       -2.34718
        0.39955       -2.69631
        0.40179       -3.07977
        0.40402       -3.50304
        0.40625       -3.96813
        0.40848       -4.48037
        0.41071       -5.04453
        0.41295       -5.65368
        0.41518       -6.31451
        0.41741       -7.07355
        0.41964       -7.95093
        0.42188       -9.00232
        0.42411      -10.26138
        0.42634      -11.73254
        0.42857      -13.38534
        0.43080      -15.17171
        0.43304      -17.02751
        0.43527      -18.89043
        0.43750      -20.69865
        0.43973      -22.40213
        0.44196      -23.95661
        0.44420      -25.33016
        0.44643      -26.49564
        0.44866      -27.43565
        0.45089      -28.13644
        0.45312      -28.59331
        0.45536      -28.80572
        0.45759      -28.78268
        0.45982      -28.53747
        0.46205      -28.09002
        0.46429      -27.46514
        0.46652      -26.69890
        0.46875      -25.83483
        0.47098      -24.92588
        0.47321      -24.02391
        0.47545      -23.17358
        0.47768      -22.41410
        0.47991      -21.78757
        0.48214      -21.33315
        0.48438      -21.07891
        0.48661      -21.03204
        0.48884      -21.16968
        0.49107      -21.43633
        0.49330      -21.75245
        0.49554      -22.07182
        0.49777      -22.33722
        0.50000      -22.51761
        0.50223      -22.62071
        0.50446      -22.63796
        0.50670      -22.57042
        0.50893      -22.42104
        0.51116      -22.19192
        0.51339      -21.88626
        0.51562      -21.56453
        0.51786      -21.26868
        0.52009      -21.06860
        0.52232      -21.03453
        0.52455      -21.20216
        0.52679      -21.57606
        0.52902      -22.13568
        0.53125      -22.84517
        0.53348      -23.66282
        0.53571      -24.54815
        0.53795      -25.46024
        0.54018      -26.34944
        0.54241      -27.16210
        0.54464      -27.85022
        0.54688      -28.37478
        0.54911      -28.70624
        0.55134      -28.82325
        0.55357      -28.70965
        0.55580      -28.35449
        0.55804      -27.75429
        0.56027      -26.91214
        0.56250      -25.83813
        0.56473      -24.54798
        0.56696      -23.06481
        0.56920      -21.41829
        0.57143      -19.64780
        0.57366      -17.80051
        0.57589      -15.93424
        0.57812      -14.11108
        0.58036      -12.39620
        0.58259      -10.84460
        0.58482       -9.49653
        0.58705       -8.36097
        0.58929       -7.41883
        0.59152       -6.61466
        0.59375       -5.91677
        0.59598       -5.29133
        0.59821       -4.70616
        0.60045       -4.17319
        0.60268       -3.68900
        0.60491       -3.24890
        0.60714       -2.84947
        0.60938       -2.48635
        0.61161       -2.15752
        0.61384       -1.85849
        0.61607       -1.58865
        0.61830       -1.34359
        0.62054       -1.12412
        0.62277       -0.92523
        0.62500       -0.74791
        0.62723       -0.58567
        0.62946       -0.43993
        0.63170       -0.30443
        0.63393       -0.18256
        0.63616       -0.06908
        0.63839        0.03208
        0.64062        0.12756
        0.64286        0.21531
        0.64509        0.30232
        0.64732        0.38533
        0.64955        0.46827
        0.65179        0.54577
        0.65402        0.62069
        0.65625        0.69009
        0.65848        0.75760
        0.66071        0.82355
        0.66295        0.88952
        0.66518        0.95606
        0.66741        1.02292
        0.66964        1.08621
        0.67188        1.14316
        0.67411        1.19687
        0.67634        1.24655
        0.67857        1.30034
        0.68080        1.34716
        0.68304        1.40147
        0.68527        1.45933
        0.68750        1.51060
        0.68973        1.55506
        0.69196        1.59464
        0.69420        1.63505
        0.69643        1.67359
        0.69866        1.70847
        0.70089        1.75517
        0.70312        1.77896
        0.70536        1.82352
        0.70759        1.85861
        0.70982        1.88306
        0.71205        1.90071
        0.71429        1.94518
        0.71652        1.95245
        0.71875        1.99356
        0.72098        2.00800
        0.72321        2.01133
        0.72545        2.05261
        0.72768        2.05034
        0.72991        2.09143
        0.73214        2.10992
        0.73438        2.12935
        0.73661        2.13752
        0.73884        2.13687
        0.74107        2.14319
        0.74330        2.14796
        0.74554        2.16700
        0.74777        2.19287
        0.75000        2.21849
        0.75223        2.23093
        0.75446        2.23269
        0.75670        2.22408
        0.75893        2.21271
        0.76116        2.21462
        0.76339        2.23139
        0.76562        2.25813
        0.76786        2.28100
        0.77009        2.28938
        0.77232        2.28908
        0.77455        2.27443
        0.77679        2.25759
        0.77902        2.25564
        0.78125        2.26965
        0.78348        2.29405
        0.78571        2.31577
        0.78795        2.32412
        0.79018        2.31966
        0.79241        2.30230
        0.79464        2.28265
        0.79688        2.27723
        0.79911        2.28881
        0.80134        2.31163
        0.80357        2.33274
        0.80580        2.33914
        0.80804        2.33308
        0.81027        2.31392
        0.81250        2.29290
        0.81473        2.28560
        0.81696        2.29529
        0.81920        2.31770
        0.82143        2.33882
        0.82366        2.34455
        0.82589        2.33907
        0.82812        2.31926
        0.83036        2.29767
        0.83259        2.28870
        0.83482        2.29627
        0.83705        2.31686
        0.83929        2.33721
        0.84152        2.34283
        0.84375        2.33731
        0.84598        2.31859
        0.84821        2.29770
        0.85045        2.28661
        0.85268        2.29345
        0.85491        2.31477
        0.85714        2.33489
        0.85938        2.34233
        0.86161        2.33773
        0.86384        2.32080
        0.86607        2.30124
        0.86830        2.29029
        0.87054        2.29545
        0.87277        2.31676
        0.87500        2.33743
        0.87723        2.34471
        0.87946        2.34022
        0.88170        2.32342
        0.88393        2.30406
        0.88616        2.29100
        0.88839        2.29513
        0.89062        2.31617
        0.89286        2.33612
        0.89509        2.34354
        0.89732        2.34027
        0.89955        2.32505
        0.90179        2.30620
        0.90402        2.29125
        0.90625        2.29506
        0.90848        2.31670
        0.91071        2.33620
        0.91295        2.34533
        0.91518        2.34381
        0.91741        2.33062
        0.91964        2.31366
        0.92188        2.29720
        0.92411        2.29912
        0.92634        2.32032
        0.92857        2.33692
        0.93080        2.34807
        0.93304        2.34564
        0.93527        2.33284
        0.93750        2.31551
        0.93973        2.29767
        0.94196        2.29855
        0.94420        2.31778
        0.94643        2.33282
        0.94866        2.34530
        0.95089        2.34459
        0.95312        2.33363
        0.95536        2.31713
        0.95759        2.29903
        0.95982        2.29883
        0.96205        2.31847
        0.96429        2.33386
        0.96652        2.34845
        0.96875        2.34897
        0.97098        2.34015
        0.97321        2.32214
        0.97545        2.30287
        0.97768        2.30097
        0.97991        2.31925
        0.98214        2.33484
        0.98438        2.34904
        0.98661        2.35102
        0.98884        2.34287
        0.99107        2.32230
        0.99330        2.30131
        0.99554        2.29754
        0.99777        2.31333
        1.00000        2.32936
