        0.00223        2.69045
        0.00446        2.11065
        0.00670        2.53404
        0.00893        2.23417
        0.01116        2.68447
        0.01339        2.31020
        0.01562        2.62238
        0.01786        2.24265
        0.02009        2.57292
        0.02232        2.22135
        0.02455        2.52697
        0.02679        2.35522
        0.02902        2.43807
        0.03125        2.38717
        0.03348        2.46312
        0.03571        2.33062
        0.03795        2.54183
        0.04018        2.24779
        0.04241        2.50418
        0.04464        2.22783
        0.04688        2.56257
        0.04911        2.46401
        0.05134        2.64973
        0.05357        2.57924
        0.05580        2.36407
        0.05804        2.39421
        0.06027        2.39273
        0.06250        2.37319
        0.06473        2.44600
        0.06696        2.35394
        0.06920        2.44882
        0.07143        2.39957
        0.07366        2.48515
        0.07589        2.40090
        0.07812        2.41166
        0.08036        2.33507
        0.08259        2.44889
        0.08482        2.45388
        0.08705        2.46569
        0.08929        2.40315
        0.09152        2.34696
        0.09375        2.51108
        0.09598        2.25631
        0.09821        2.49077
        0.10045        2.29888
        0.10268        2.69729
        0.10491        2.55823
        0.10714        2.31557
        0.10938        2.34718
        0.11161        2.55447
        0.11384        2.37393
        0.11607        2.50584
        0.11830        2.40875
        0.12054        2.86405
        0.12277        2.70834
        0.12500        2.26021
        0.12723        2.35675
        0.12946        2.88287
        0.13170        2.33342
        0.13393        2.29150
        0.13616        2.59759
        0.13839        2.94811
        0.14062        2.55981
        0.14286        2.27091
        0.14509        2.09856
        0.14732        3.07559
        0.14955        2.22879
        0.15179        1.81362
        0.15402        2.50088
        0.15625        2.54659
        0.15848        2.42416
        0.16071        1.90109
        0.16295        2.29402
        0.16518        2.65148
        0.16741        2.82342
        0.16964        1.65042
        0.17188        2.45008
        0.17411        2.78289
        0.17634        2.39306
        0.17857        1.53220
        0.18080        2.20237
        0.18304        1.58776
        0.18527        2.35003
        0.18750        1.81051
        0.18973        1.88739
        0.19196        1.69598
        0.19420        1.79936
        0.19643        1.61427
        0.19866        1.83485
        0.20089        1.50380
        0.20312        1.73324
        0.20536        1.49704
        0.20759        1.53155
        0.20982        1.41705
        0.21205        1.48290
        0.21429        1.31955
        0.21652        1.38563
        0.21875        1.20847
        0.22098        1.25851
        0.22321        1.07208
        0.22545        1.10688
        0.22768        0.92527
        0.22991        0.95226
        0.23214        0.76449
        0.23438        0.78147
        0.23661        0.58841
        0.23884        0.59276
        0.24107        0.39503
        0.24330        0.38839
        0.24554        0.18759
        0.24777        0.16961
        0.25000       -0.03864
        0.25223       -0.07351
        0.25446       -0.29687
        0.25670       -0.35806
        0.25893       -0.60606
        0.26116       -0.70281
        0.26339       -0.98596
        0.26562       -1.13027
        0.26786       -1.46370
        0.27009       -1.67260
        0.27232       -2.07509
        0.27455       -2.36672
        0.27679       -2.85554
        0.27902       -3.24523
        0.28125       -3.83854
        0.28348       -4.33737
        0.28571       -5.00933
        0.28795       -5.64471
        0.29018       -6.59864
        0.29241       -7.61867
        0.29464       -8.95543
        0.29688      -10.27256
        0.29911      -11.75515
        0.30134      -13.05217
        0.30357      -14.35640
        0.30580      -15.35880
        0.30804      -16.29329
        0.31027      -16.90409
        0.31250      -17.45959
        0.31473      -17.73706
        0.31696      -18.01188
        0.31920      -18.06681
        0.32143      -18.16363
        0.32366      -18.05700
        0.32589      -17.97345
        0.32812      -17.64945
        0.33036      -17.29278
        0.33259      -16.65796
        0.33482      -15.97560
        0.33705      -15.04826
        0.33929      -14.14913
        0.34152      -13.13565
        0.34375      -12.31717
        0.34598      -11.57971
        0.34821      -11.22133
        0.35045      -11.08679
        0.35268      -11.38849
        0.35491      -11.86569
        0.35714      -12.63118
        0.35938      -13.45263
        0.36161      -14.54245
        0.36384      -15.77148
        0.36607      -17.34306
        0.36830      -18.99654
        0.37054      -20.79844
        0.37277      -22.43393
        0.37500      -23.98688
        0.37723      -25.22105
        0.37946      -26.30709
        0.38170      -27.08716
        0.38393      -27.76554
        0.38616      -28.18335
        0.38839      -28.50574
        0.39062      -28.53885
        0.39286      -28.42892
        0.39509      -28.01079
        0.39732      -27.49490
        0.39955      -26.79497
        0.40179      -26.17818
        0.40402      -25.59585
        0.40625      -25.28222
        0.40848      -25.08297
        0.41071      -25.08144
        0.41295      -25.05765
        0.41518      -25.19551
        0.41741      -25.42761
        0.41964      -25.93554
        0.42188      -26.52128
        0.42411      -27.23008
        0.42634      -27.80364
        0.42857      -28.29737
        0.43080      -28.50825
        0.43304      -28.55877
        0.43527      -28.32460
        0.43750      -27.97001
        0.43973      -27.37274
        0.44196      -26.66286
        0.44420      -25.68000
        0.44643      -24.53216
        0.44866      -23.08125
        0.45089      -21.49382
        0.45312      -19.72173
        0.45536      -18.01467
        0.45759      -16.37447
        0.45982      -15.02398
        0.46205      -13.86224
        0.46429      -12.95893
        0.46652      -12.14730
        0.46875      -11.56574
        0.47098      -11.15968
        0.47321      -11.13497
        0.47545      -11.38467
        0.47768      -11.99696
        0.47991      -12.77366
        0.48214      -13.73942
        0.48438      -14.67584
        0.48661      -15.61879
        0.48884      -16.38664
        0.49107      -17.06145
        0.49330      -17.51213
        0.49554      -17.86519
        0.49777      -18.02520
        0.50000      -18.13792
        0.50223      -18.10538
        0.50446      -18.05140
        0.50670      -17.85288
        0.50893      -17.59625
        0.51116      -17.14158
        0.51339      -16.57210
        0.51562      -15.75507
        0.51786      -14.79446
        0.52009      -13.59374
        0.52232      -12.30144
        0.52455      -10.87007
        0.52679       -9.48934
        0.52902       -8.13674
        0.53125       -6.99584
        0.53348       -6.00111
        0.53571       -5.25546
        0.53795       -4.59652
        0.54018       -4.04343
        0.54241       -3.47030
        0.54464       -3.01348
        0.54688       -2.55083
        0.54911       -2.19363
        0.55134       -1.82250
        0.55357       -1.54931
        0.55580       -1.25313
        0.55804       -1.04625
        0.56027       -0.80615
        0.56250       -0.64778
        0.56473       -0.44777
        0.56696       -0.32463
        0.56920       -0.15365
        0.57143       -0.05632
        0.57366        0.09522
        0.57589        0.17619
        0.57812        0.31686
        0.58036        0.38797
        0.58259        0.52245
        0.58482        0.58592
        0.58705        0.71351
        0.58929        0.76656
        0.59152        0.88709
        0.59375        0.93096
        0.59598        1.04487
        0.59821        1.08055
        0.60045        1.19445
        0.60268        1.22425
        0.60491        1.32654
        0.60714        1.33816
        0.60938        1.43483
        0.61161        1.43522
        0.61384        1.51846
        0.61607        1.50232
        0.61830        1.62276
        0.62054        1.62947
        0.62277        1.73060
        0.62500        1.68094
        0.62723        1.84504
        0.62946        1.63879
        0.63170        1.82941
        0.63393        1.83862
        0.63616        1.75024
        0.63839        1.92917
        0.64062        1.84796
        0.64286        2.20317
        0.64509        1.78134
        0.64732        2.46360
        0.64955        2.50170
        0.65179        2.16411
        0.65402        2.67148
        0.65625        2.20710
        0.65848        3.16315
        0.66071        1.35530
        0.66295        2.45194
        0.66518        2.73694
        0.66741        2.36356
        0.66964        2.37710
        0.67188        1.95944
        0.67411        2.50560
        0.67634        3.15948
        0.67857        1.56801
        0.68080        2.31525
        0.68304        3.21022
        0.68527        2.53053
        0.68750        2.55737
        0.68973        2.43067
        0.69196        2.59087
        0.69420        2.75280
        0.69643        2.24674
        0.69866        2.35074
        0.70089        2.91609
        0.70312        2.47429
        0.70536        2.51593
        0.70759        2.63933
        0.70982        2.37003
        0.71205        2.37108
        0.71429        2.48834
        0.71652        2.29743
        0.71875        2.65656
        0.72098        2.28440
        0.72321        2.54722
        0.72545        2.47868
        0.72768        2.47887
        0.72991        2.13585
        0.73214        2.44277
        0.73438        2.38118
        0.73661        2.46107
        0.73884        2.45913
        0.74107        2.54676
        0.74330        2.23837
        0.74554        2.57173
        0.74777        2.19911
        0.75000        2.59120
        0.75223        2.21225
        0.75446        2.47775
        0.75670        2.43137
        0.75893        2.50838
        0.76116        2.39511
        0.76339        2.38457
        0.76562        2.42573
        0.76786        2.07198
        0.77009        2.74817
        0.77232        2.96335
        0.77455        2.00092
        0.77679        2.64255
        0.77902        2.19137
        0.78125        2.59544
        0.78348        2.24700
        0.78571        2.55891
        0.78795        2.23727
        0.79018        2.47864
        0.79241        2.37305
        0.79464        2.50631
        0.79688        2.43561
        0.79911        2.49074
        0.80134        2.20568
        0.80357        2.62220
        0.80580        2.15310
        0.80804        2.50873
        0.81027        2.29214
        0.81250        2.56020
        0.81473        2.52792
        0.81696        2.60508
        0.81920        2.05848
        0.82143        2.67543
        0.82366        2.27169
        0.82589        2.20960
        0.82812        2.88397
        0.83036        2.34137
        0.83259        2.51782
        0.83482        3.00836
        0.83705        1.82183
        0.83929        3.04393
        0.84152        2.05065
        0.84375        2.43183
        0.84598        3.00471
        0.84821        2.36198
        0.85045        2.73065
        0.85268        3.33516
        0.85491        1.63616
        0.85714        3.38934
        0.85938        2.00814
        0.86161        2.70483
        0.86384        2.69719
        0.86607        2.49089
        0.86830        3.28281
        0.87054        3.42754
        0.87277        1.32053
        0.87500        3.16953
        0.87723        2.46422
        0.87946        2.72451
        0.88170        1.88354
        0.88393        2.63568
        0.88616        3.20131
        0.88839        3.09607
        0.89062        1.14257
        0.89286        2.29342
        0.89509        2.65603
        0.89732        2.41100
        0.89955        1.03564
        0.90179        2.86649
        0.90402        1.81837
        0.90625        2.53935
        0.90848        1.69955
        0.91071        1.85914
        0.91295        1.99185
        0.91518        1.92991
        0.91741        1.71824
        0.91964        3.12186
        0.92188        0.98536
        0.92411        2.32250
        0.92634        3.01339
        0.92857        2.15734
        0.93080        1.99957
        0.93304        1.58199
        0.93527        3.03103
        0.93750        3.25547
        0.93973        1.59369
        0.94196        2.54207
        0.94420        3.66139
        0.94643        2.26532
        0.94866        2.69956
        0.95089        1.50969
        0.95312        3.25941
        0.95536        3.12396
        0.95759        2.21226
        0.95982        2.78462
        0.96205        3.41595
        0.96429        2.13211
        0.96652        2.91520
        0.96875        1.72360
        0.97098        2.96346
        0.97321        2.74421
        0.97545        2.40389
        0.97768        2.83189
        0.97991        2.95176
        0.98214        2.12414
        0.98438        2.78768
        0.98661        1.93231
        0.98884        2.69606
        0.99107        2.35671
        0.99330        2.52265
        0.99554        2.62484
        0.99777        2.71173
        1.00000        2.08249
