        0.00223        1.63464
        0.00446        1.66241
        0.00670        1.64409
        0.00893        1.64649
        0.01116        1.64169
        0.01339        1.66865
        0.01562        1.66954
        0.01786        1.67120
        0.02009        1.65757
        0.02232        1.68370
        0.02455        1.67961
        0.02679        1.66718
        0.02902        1.70566
        0.03125        1.69477
        0.03348        1.75681
        0.03571        1.75708
        0.03795        1.71682
        0.04018        1.75149
        0.04241        1.77875
        0.04464        1.66833
        0.04688        1.70296
        0.04911        1.62618
        0.05134        1.59153
        0.05357        1.51661
        0.05580        1.44598
        0.05804        1.27216
        0.06027        1.16940
        0.06250        1.29585
        0.06473        1.44506
        0.06696        1.53337
        0.06920        1.57118
        0.07143        1.65486
        0.07366        1.68758
        0.07589        1.70891
        0.07812        1.76536
        0.08036        1.76841
        0.08259        1.74014
        0.08482        1.73060
        0.08705        1.76600
        0.08929        1.67160
        0.09152        1.70908
        0.09375        1.65942
        0.09598        1.68760
        0.09821        1.66617
        0.10045        1.66513
        0.10268        1.64796
        0.10491        1.66744
        0.10714        1.66235
        0.10938        1.64474
        0.11161        1.65945
        0.11384        1.61782
        0.11607        1.66004
        0.11830        1.64434
        0.12054        1.63736
        0.12277        1.63124
        0.12500        1.64433
        0.12723        1.62235
        0.12946        1.65108
        0.13170        1.64160
        0.13393        1.63823
        0.13616        1.63780
        0.13839        1.64803
        0.14062        1.63935
        0.14286        1.64417
        0.14509        1.64346
        0.14732        1.64942
        0.14955        1.64754
        0.15179        1.65451
        0.15402        1.65014
        0.15625        1.65758
        0.15848        1.65760
        0.16071        1.67470
        0.16295        1.71240
        0.16518        1.74187
        0.16741        1.75100
        0.16964        1.76549
        0.17188        1.77019
        0.17411        1.78316
        0.17634        1.78523
        0.17857        1.79476
        0.18080        1.79641
        0.18304        1.80802
        0.18527        1.80846
        0.18750        1.81667
        0.18973        1.81059
        0.19196        1.82657
        0.19420        1.81558
        0.19643        1.82500
        0.19866        1.83465
        0.20089        1.83238
        0.20312        1.82898
        0.20536        1.83543
        0.20759        1.83613
        0.20982        1.83491
        0.21205        1.83973
        0.21429        1.82855
        0.21652        1.84476
        0.21875        1.84050
        0.22098        1.85017
        0.22321        1.83170
        0.22545        1.84164
        0.22768        1.84596
        0.22991        1.81812
        0.23214        1.85686
        0.23438        1.83840
        0.23661        1.84189
        0.23884        1.84598
        0.24107        1.84078
        0.24330        1.83292
        0.24554        1.83042
        0.24777        1.82585
        0.25000        1.82684
        0.25223        1.84447
        0.25446        1.79234
        0.25670        1.81674
        0.25893        1.80402
        0.26116        1.79289
        0.26339        1.77767
        0.26562        1.76581
        0.26786        1.73188
        0.27009        1.71167
        0.27232        1.70540
        0.27455        1.68507
        0.27679        1.67689
        0.27902        1.66388
        0.28125        1.65047
        0.28348        1.63732
        0.28571        1.62861
        0.28795        1.61783
        0.29018        1.60826
        0.29241        1.60078
        0.29464        1.58905
        0.29688        1.58018
        0.29911        1.56641
        0.30134        1.56054
        0.30357        1.55780
        0.30580        1.53750
        0.30804        1.53778
        0.31027        1.53029
        0.31250        1.51947
        0.31473        1.50837
        0.31696        1.50773
        0.31920        1.49416
        0.32143        1.48192
        0.32366        1.46445
        0.32589        1.45321
        0.32812        1.43298
        0.33036        1.42627
        0.33259        1.40631
        0.33482        1.38567
        0.33705        1.38801
        0.33929        1.36087
        0.34152        1.34541
        0.34375        1.30395
        0.34598        1.28331
        0.34821        1.26035
        0.35045        1.25356
        0.35268        1.21800
        0.35491        1.21134
        0.35714        1.17482
        0.35938        1.18301
        0.36161        1.12653
        0.36384        1.07441
        0.36607        1.10972
        0.36830        1.01307
        0.37054        1.00288
        0.37277        0.95233
        0.37500        0.91693
        0.37723        0.86830
        0.37946        0.82465
        0.38170        0.77216
        0.38393        0.72348
        0.38616        0.66754
        0.38839        0.61466
        0.39062        0.55576
        0.39286        0.49834
        0.39509        0.43549
        0.39732        0.37238
        0.39955        0.30512
        0.40179        0.23745
        0.40402        0.16708
        0.40625        0.09506
        0.40848        0.02185
        0.41071       -0.05416
        0.41295       -0.13104
        0.41518       -0.21260
        0.41741       -0.29384
        0.41964       -0.38121
        0.42188       -0.46911
        0.42411       -0.56650
        0.42634       -0.66629
        0.42857       -0.77876
        0.43080       -0.89576
        0.43304       -1.02854
        0.43527       -1.16932
        0.43750       -1.33015
        0.43973       -1.50407
        0.44196       -1.70237
        0.44420       -1.91864
        0.44643       -2.16266
        0.44866       -2.42966
        0.45089       -2.72834
        0.45312       -3.05629
        0.45536       -3.42058
        0.45759       -3.82107
        0.45982       -4.26261
        0.46205       -4.74952
        0.46429       -5.26999
        0.46652       -5.82251
        0.46875       -6.48345
        0.47098       -7.30813
        0.47321       -8.32474
        0.47545       -9.52378
        0.47768      -10.87276
        0.47991      -12.32051
        0.48214      -13.81294
        0.48438      -15.29576
        0.48661      -16.72193
        0.48884      -18.05076
        0.49107      -19.25005
        0.49330      -20.29382
        0.49554      -21.16281
        0.49777      -21.84278
        0.50000      -22.32451
        0.50223      -22.60231
        0.50446      -22.67438
        0.50670      -22.54142
        0.50893      -22.20769
        0.51116      -21.68033
        0.51339      -20.97166
        0.51562      -20.09885
        0.51786      -19.08631
        0.52009      -17.95068
        0.52232      -16.73341
        0.52455      -15.50763
        0.52679      -14.34480
        0.52902      -13.31813
        0.53125      -12.48449
        0.53348      -11.88871
        0.53571      -11.54950
        0.53795      -11.46082
        0.54018      -11.57612
        0.54241      -11.82093
        0.54464      -12.09072
        0.54688      -12.34293
        0.54911      -12.58179
        0.55134      -12.79029
        0.55357      -12.96416
        0.55580      -13.10008
        0.55804      -13.19203
        0.56027      -13.22269
        0.56250      -13.18397
        0.56473      -13.08599
        0.56696      -12.94539
        0.56920      -12.76724
        0.57143      -12.55466
        0.57366      -12.31333
        0.57589      -12.05958
        0.57812      -11.78838
        0.58036      -11.55350
        0.58259      -11.45894
        0.58482      -11.57536
        0.58705      -11.94511
        0.58929      -12.57031
        0.59152      -13.42936
        0.59375      -14.47521
        0.59598      -15.64946
        0.59821      -16.87779
        0.60045      -18.08917
        0.60268      -19.21136
        0.60491      -20.20847
        0.60714      -21.06311
        0.60938      -21.75117
        0.61161      -22.25620
        0.61384      -22.56656
        0.61607      -22.67547
        0.61830      -22.57914
        0.62054      -22.27710
        0.62277      -21.77164
        0.62500      -21.06877
        0.62723      -20.17838
        0.62946      -19.11508
        0.63170      -17.89911
        0.63393      -16.55687
        0.63616      -15.12181
        0.63839      -13.63520
        0.64062      -12.14516
        0.64286      -10.70615
        0.64509       -9.37247
        0.64732       -8.19351
        0.64955       -7.19973
        0.65179       -6.39632
        0.65402       -5.75177
        0.65625       -5.20640
        0.65848       -4.68807
        0.66071       -4.20695
        0.66295       -3.77001
        0.66518       -3.37446
        0.66741       -3.01396
        0.66964       -2.69033
        0.67188       -2.39469
        0.67411       -2.13144
        0.67634       -1.88978
        0.67857       -1.67680
        0.68080       -1.48034
        0.68304       -1.30926
        0.68527       -1.14973
        0.68750       -1.01119
        0.68973       -0.87921
        0.69196       -0.76391
        0.69420       -0.65198
        0.69643       -0.55346
        0.69866       -0.45646
        0.70089       -0.36934
        0.70312       -0.28226
        0.70536       -0.20130
        0.70759       -0.12017
        0.70982       -0.04331
        0.71205        0.03202
        0.71429        0.10562
        0.71652        0.17672
        0.71875        0.24772
        0.72098        0.31416
        0.72321        0.38240
        0.72545        0.44377
        0.72768        0.50799
        0.72991        0.56313
        0.73214        0.62419
        0.73438        0.67392
        0.73661        0.73325
        0.73884        0.77682
        0.74107        0.83558
        0.74330        0.86800
        0.74554        0.93586
        0.74777        0.94184
        0.75000        1.03657
        0.75223        1.02111
        0.75446        1.07002
        0.75670        1.12430
        0.75893        1.13539
        0.76116        1.16631
        0.76339        1.17745
        0.76562        1.22334
        0.76786        1.21194
        0.77009        1.24955
        0.77232        1.24494
        0.77455        1.34368
        0.77679        1.32541
        0.77902        1.34527
        0.78125        1.35963
        0.78348        1.36898
        0.78571        1.39590
        0.78795        1.40688
        0.79018        1.43710
        0.79241        1.42978
        0.79464        1.46083
        0.79688        1.47765
        0.79911        1.48264
        0.80134        1.49912
        0.80357        1.51143
        0.80580        1.50485
        0.80804        1.52014
        0.81027        1.53426
        0.81250        1.55038
        0.81473        1.53597
        0.81696        1.56333
        0.81920        1.56064
        0.82143        1.57303
        0.82366        1.58226
        0.82589        1.58967
        0.82812        1.60436
        0.83036        1.61271
        0.83259        1.62151
        0.83482        1.62999
        0.83705        1.64229
        0.83929        1.65431
        0.84152        1.66630
        0.84375        1.68086
        0.84598        1.68903
        0.84821        1.70821
        0.85045        1.72154
        0.85268        1.73519
        0.85491        1.77660
        0.85714        1.77111
        0.85938        1.80342
        0.86161        1.81166
        0.86384        1.80187
        0.86607        1.82593
        0.86830        1.82719
        0.87054        1.83260
        0.87277        1.82575
        0.87500        1.83847
        0.87723        1.84056
        0.87946        1.83026
        0.88170        1.84939
        0.88393        1.85370
        0.88616        1.82462
        0.88839        1.86437
        0.89062        1.82728
        0.89286        1.85069
        0.89509        1.84336
        0.89732        1.83440
        0.89955        1.85305
        0.90179        1.83605
        0.90402        1.84625
        0.90625        1.83519
        0.90848        1.83991
        0.91071        1.84189
        0.91295        1.83911
        0.91518        1.83459
        0.91741        1.83774
        0.91964        1.83004
        0.92188        1.82857
        0.92411        1.82810
        0.92634        1.82372
        0.92857        1.82839
        0.93080        1.81750
        0.93304        1.81287
        0.93527        1.81269
        0.93750        1.80772
        0.93973        1.79815
        0.94196        1.79679
        0.94420        1.78858
        0.94643        1.78310
        0.94866        1.77228
        0.95089        1.76565
        0.95312        1.75233
        0.95536        1.74182
        0.95759        1.71037
        0.95982        1.67402
        0.96205        1.65959
        0.96429        1.65885
        0.96652        1.65364
        0.96875        1.65510
        0.97098        1.64979
        0.97321        1.65113
        0.97545        1.64516
        0.97768        1.65016
        0.97991        1.63850
        0.98214        1.64660
        0.98438        1.64434
        0.98661        1.64579
        0.98884        1.63757
        0.99107        1.64566
        0.99330        1.63658
        0.99554        1.64253
        0.99777        1.64356
        1.00000        1.63503
