        0.00223        2.58187
        0.00446        2.55814
        0.00670        2.55354
        0.00893        2.56879
        0.01116        2.59729
        0.01339        2.61618
        0.01562        2.61811
        0.01786        2.60879
        0.02009        2.58394
        0.02232        2.55918
        0.02455        2.55168
        0.02679        2.56660
        0.02902        2.59354
        0.03125        2.61473
        0.03348        2.61722
        0.03571        2.60896
        0.03795        2.58488
        0.04018        2.55994
        0.04241        2.55080
        0.04464        2.56390
        0.04688        2.58972
        0.04911        2.61289
        0.05134        2.61584
        0.05357        2.60834
        0.05580        2.58556
        0.05804        2.56131
        0.06027        2.55038
        0.06250        2.56187
        0.06473        2.58683
        0.06696        2.61179
        0.06920        2.61541
        0.07143        2.60850
        0.07366        2.58673
        0.07589        2.56259
        0.07812        2.54959
        0.08036        2.55950
        0.08259        2.58349
        0.08482        2.60930
        0.08705        2.61393
        0.08929        2.60733
        0.09152        2.58625
        0.09375        2.56094
        0.09598        2.54574
        0.09821        2.55391
        0.10045        2.57606
        0.10268        2.60300
        0.10491        2.60760
        0.10714        2.60210
        0.10938        2.58095
        0.11161        2.55415
        0.11384        2.53629
        0.11607        2.54266
        0.11830        2.56187
        0.12054        2.58771
        0.12277        2.59163
        0.12500        2.58620
        0.12723        2.56359
        0.12946        2.53309
        0.13170        2.51150
        0.13393        2.51496
        0.13616        2.53002
        0.13839        2.55007
        0.14062        2.55059
        0.14286        2.54144
        0.14509        2.50938
        0.14732        2.47791
        0.14955        2.45290
        0.15179        2.45038
        0.15402        2.45082
        0.15625        2.46174
        0.15848        2.45509
        0.16071        2.43244
        0.16295        2.39746
        0.16518        2.36401
        0.16741        2.34176
        0.16964        2.32723
        0.17188        2.30249
        0.17411        2.29821
        0.17634        2.26008
        0.17857        2.24607
        0.18080        2.19794
        0.18304        2.17028
        0.18527        2.13374
        0.18750        2.09420
        0.18973        2.04595
        0.19196        2.02542
        0.19420        1.96669
        0.19643        1.94763
        0.19866        1.85738
        0.20089        1.83508
        0.20312        1.75248
        0.20536        1.70621
        0.20759        1.64035
        0.20982        1.56270
        0.21205        1.51028
        0.21429        1.42907
        0.21652        1.36555
        0.21875        1.28451
        0.22098        1.21217
        0.22321        1.12416
        0.22545        1.04400
        0.22768        0.94671
        0.22991        0.86345
        0.23214        0.76334
        0.23438        0.67788
        0.23661        0.57351
        0.23884        0.48158
        0.24107        0.36672
        0.24330        0.26430
        0.24554        0.13686
        0.24777        0.02250
        0.25000       -0.11944
        0.25223       -0.25259
        0.25446       -0.41879
        0.25670       -0.58360
        0.25893       -0.78619
        0.26116       -0.99446
        0.26339       -1.24372
        0.26562       -1.50714
        0.26786       -1.81575
        0.27009       -2.14882
        0.27232       -2.53192
        0.27455       -2.95162
        0.27679       -3.41847
        0.27902       -3.90387
        0.28125       -4.48390
        0.28348       -5.20120
        0.28571       -6.08529
        0.28795       -7.10389
        0.29018       -8.21564
        0.29241       -9.34404
        0.29464      -10.43314
        0.29688      -11.41842
        0.29911      -12.27340
        0.30134      -12.97022
        0.30357      -13.52046
        0.30580      -13.92691
        0.30804      -14.22288
        0.31027      -14.42011
        0.31250      -14.55129
        0.31473      -14.61947
        0.31696      -14.63033
        0.31920      -14.56481
        0.32143      -14.40977
        0.32366      -14.13856
        0.32589      -13.74895
        0.32812      -13.23950
        0.33036      -12.64240
        0.33259      -11.97423
        0.33482      -11.31446
        0.33705      -10.77489
        0.33929      -10.46845
        0.34152      -10.47640
        0.34375      -10.83605
        0.34598      -11.51468
        0.34821      -12.43953
        0.35045      -13.50420
        0.35268      -14.67773
        0.35491      -15.93510
        0.35714      -17.23263
        0.35938      -18.51424
        0.36161      -19.80462
        0.36384      -21.13606
        0.36607      -22.50709
        0.36830      -23.88329
        0.37054      -25.21447
        0.37277      -26.44505
        0.37500      -27.52737
        0.37723      -28.41647
        0.37946      -29.07819
        0.38170      -29.48648
        0.38393      -29.63107
        0.38616      -29.51456
        0.38839      -29.15584
        0.39062      -28.58300
        0.39286      -27.81197
        0.39509      -26.92905
        0.39732      -26.05827
        0.39955      -25.27855
        0.40179      -24.62918
        0.40402      -24.16986
        0.40625      -23.95264
        0.40848      -24.00078
        0.41071      -24.30928
        0.41295      -24.84436
        0.41518      -25.54614
        0.41741      -26.36350
        0.41964      -27.25143
        0.42188      -28.10836
        0.42411      -28.81352
        0.42634      -29.31006
        0.42857      -29.58635
        0.43080      -29.60892
        0.43304      -29.37021
        0.43527      -28.86772
        0.43750      -28.12168
        0.43973      -27.15756
        0.44196      -26.01756
        0.44420      -24.74377
        0.44643      -23.39111
        0.44866      -22.01024
        0.45089      -20.65235
        0.45312      -19.33578
        0.45536      -18.05560
        0.45759      -16.76508
        0.45982      -15.47576
        0.46205      -14.24321
        0.46429      -13.10925
        0.46652      -12.08477
        0.46875      -11.23820
        0.47098      -10.66571
        0.47321      -10.43472
        0.47545      -10.54434
        0.47768      -10.94885
        0.47991      -11.54230
        0.48214      -12.22043
        0.48438      -12.86511
        0.48661      -13.43541
        0.48884      -13.90210
        0.49107      -14.25062
        0.49330      -14.47652
        0.49554      -14.59862
        0.49777      -14.63289
        0.50000      -14.60221
        0.50223      -14.51014
        0.50446      -14.35898
        0.50670      -14.12739
        0.50893      -13.79585
        0.51116      -13.33832
        0.51339      -12.73828
        0.51562      -11.98157
        0.51786      -11.07931
        0.52009      -10.04842
        0.52232       -8.94164
        0.52455       -7.80728
        0.52679       -6.72643
        0.52902       -5.74626
        0.53125       -4.92762
        0.53348       -4.25714
        0.53571       -3.72667
        0.53795       -3.24441
        0.54018       -2.79822
        0.54241       -2.38551
        0.54464       -2.02795
        0.54688       -1.69702
        0.54911       -1.41208
        0.55134       -1.14743
        0.55357       -0.91960
        0.55580       -0.70784
        0.55804       -0.52437
        0.56027       -0.35482
        0.56250       -0.20483
        0.56473       -0.06559
        0.56696        0.06352
        0.56920        0.18447
        0.57143        0.30153
        0.57366        0.40926
        0.57589        0.51531
        0.57812        0.61186
        0.58036        0.70892
        0.58259        0.79986
        0.58482        0.89370
        0.58705        0.98177
        0.58929        1.07436
        0.59152        1.15579
        0.59375        1.23990
        0.59598        1.31420
        0.59821        1.38800
        0.60045        1.45912
        0.60268        1.52711
        0.60491        1.58455
        0.60714        1.67427
        0.60938        1.71996
        0.61161        1.79017
        0.61384        1.84252
        0.61607        1.90393
        0.61830        1.95375
        0.62054        1.98991
        0.62277        2.03753
        0.62500        2.06367
        0.62723        2.10863
        0.62946        2.13989
        0.63170        2.18196
        0.63393        2.21538
        0.63616        2.25115
        0.63839        2.27558
        0.64062        2.30127
        0.64286        2.31055
        0.64509        2.32966
        0.64732        2.35100
        0.64955        2.37527
        0.65179        2.41348
        0.65402        2.44268
        0.65625        2.45901
        0.65848        2.45899
        0.66071        2.45017
        0.66295        2.45086
        0.66518        2.46194
        0.66741        2.48919
        0.66964        2.52250
        0.67188        2.54655
        0.67411        2.55362
        0.67634        2.54711
        0.67857        2.52477
        0.68080        2.51283
        0.68304        2.51727
        0.68527        2.54282
        0.68750        2.56984
        0.68973        2.58787
        0.69196        2.59187
        0.69420        2.58090
        0.69643        2.55717
        0.69866        2.53841
        0.70089        2.53954
        0.70312        2.56128
        0.70536        2.58552
        0.70759        2.60348
        0.70982        2.60566
        0.71205        2.59361
        0.71429        2.57060
        0.71652        2.54908
        0.71875        2.54730
        0.72098        2.56633
        0.72321        2.58998
        0.72545        2.60803
        0.72768        2.61068
        0.72991        2.59893
        0.73214        2.57706
        0.73438        2.55392
        0.73661        2.54992
        0.73884        2.56741
        0.74107        2.59089
        0.74330        2.60945
        0.74554        2.61248
        0.74777        2.60150
        0.75000        2.58038
        0.75223        2.55580
        0.75446        2.55102
        0.75670        2.56632
        0.75893        2.59054
        0.76116        2.61011
        0.76339        2.61285
        0.76562        2.60315
        0.76786        2.58256
        0.77009        2.55754
        0.77232        2.55107
        0.77455        2.56602
        0.77679        2.59057
        0.77902        2.61115
        0.78125        2.61506
        0.78348        2.60529
        0.78571        2.58526
        0.78795        2.55987
        0.79018        2.55218
        0.79241        2.56547
        0.79464        2.59077
        0.79688        2.61171
        0.79911        2.61638
        0.80134        2.60745
        0.80357        2.58776
        0.80580        2.56175
        0.80804        2.55262
        0.81027        2.56492
        0.81250        2.59037
        0.81473        2.61212
        0.81696        2.61757
        0.81920        2.60943
        0.82143        2.59039
        0.82366        2.56301
        0.82589        2.55261
        0.82812        2.56340
        0.83036        2.58949
        0.83259        2.61178
        0.83482        2.61795
        0.83705        2.61058
        0.83929        2.59238
        0.84152        2.56401
        0.84375        2.55238
        0.84598        2.56238
        0.84821        2.58936
        0.85045        2.61205
        0.85268        2.61916
        0.85491        2.61234
        0.85714        2.59505
        0.85938        2.56561
        0.86161        2.55297
        0.86384        2.56123
        0.86607        2.58789
        0.86830        2.61179
        0.87054        2.61976
        0.87277        2.61343
        0.87500        2.59702
        0.87723        2.56690
        0.87946        2.55270
        0.88170        2.56011
        0.88393        2.58641
        0.88616        2.61183
        0.88839        2.62126
        0.89062        2.61571
        0.89286        2.59952
        0.89509        2.56949
        0.89732        2.55373
        0.89955        2.55948
        0.90179        2.58483
        0.90402        2.61067
        0.90625        2.62181
        0.90848        2.61733
        0.91071        2.60145
        0.91295        2.57148
        0.91518        2.55454
        0.91741        2.55826
        0.91964        2.58241
        0.92188        2.60869
        0.92411        2.62086
        0.92634        2.61816
        0.92857        2.60245
        0.93080        2.57309
        0.93304        2.55376
        0.93527        2.55590
        0.93750        2.57915
        0.93973        2.60643
        0.94196        2.61931
        0.94420        2.61799
        0.94643        2.60379
        0.94866        2.57494
        0.95089        2.55442
        0.95312        2.55494
        0.95536        2.57696
        0.95759        2.60480
        0.95982        2.61930
        0.96205        2.61829
        0.96429        2.60555
        0.96652        2.57726
        0.96875        2.55544
        0.97098        2.55400
        0.97321        2.57397
        0.97545        2.60215
        0.97768        2.61818
        0.97991        2.61796
        0.98214        2.60704
        0.98438        2.57923
        0.98661        2.55647
        0.98884        2.55398
        0.99107        2.57177
        0.99330        2.60019
        0.99554        2.61787
        0.99777        2.61854
        1.00000        2.60883
