        0.00223        1.90424
        0.00446        1.90486
        0.00670        1.90707
        0.00893        1.91196
        0.01116        1.91505
        0.01339        1.91455
        0.01562        1.91064
        0.01786        1.90627
        0.02009        1.90343
        0.02232        1.90320
        0.02455        1.90566
        0.02679        1.91059
        0.02902        1.91357
        0.03125        1.91371
        0.03348        1.91046
        0.03571        1.90638
        0.03795        1.90362
        0.04018        1.90279
        0.04241        1.90594
        0.04464        1.91072
        0.04688        1.91400
        0.04911        1.91443
        0.05134        1.91230
        0.05357        1.90901
        0.05580        1.90521
        0.05804        1.90429
        0.06027        1.90704
        0.06250        1.91083
        0.06473        1.91409
        0.06696        1.91506
        0.06920        1.91272
        0.07143        1.90904
        0.07366        1.90522
        0.07589        1.90420
        0.07812        1.90648
        0.08036        1.90960
        0.08259        1.91331
        0.08482        1.91484
        0.08705        1.91150
        0.08929        1.90704
        0.09152        1.90194
        0.09375        1.90080
        0.09598        1.90293
        0.09821        1.90604
        0.10045        1.90964
        0.10268        1.91151
        0.10491        1.90844
        0.10714        1.90419
        0.10938        1.89888
        0.11161        1.89790
        0.11384        1.90093
        0.11607        1.90518
        0.11830        1.90971
        0.12054        1.91255
        0.12277        1.90951
        0.12500        1.90562
        0.12723        1.90047
        0.12946        1.89926
        0.13170        1.90145
        0.13393        1.90568
        0.13616        1.90959
        0.13839        1.91263
        0.14062        1.90945
        0.14286        1.90549
        0.14509        1.89970
        0.14732        1.89760
        0.14955        1.89943
        0.15179        1.90354
        0.15402        1.90665
        0.15625        1.90932
        0.15848        1.90653
        0.16071        1.90263
        0.16295        1.89615
        0.16518        1.89410
        0.16741        1.89607
        0.16964        1.90101
        0.17188        1.90476
        0.17411        1.90780
        0.17634        1.90533
        0.17857        1.90216
        0.18080        1.89584
        0.18304        1.89359
        0.18527        1.89540
        0.18750        1.89979
        0.18973        1.90305
        0.19196        1.90610
        0.19420        1.90360
        0.19643        1.89997
        0.19866        1.89280
        0.20089        1.89032
        0.20312        1.89113
        0.20536        1.89585
        0.20759        1.89966
        0.20982        1.90240
        0.21205        1.89972
        0.21429        1.89570
        0.21652        1.88855
        0.21875        1.88555
        0.22098        1.88501
        0.22321        1.88841
        0.22545        1.89105
        0.22768        1.89256
        0.22991        1.88866
        0.23214        1.88281
        0.23438        1.87469
        0.23661        1.87053
        0.23884        1.86763
        0.24107        1.86694
        0.24330        1.86600
        0.24554        1.86407
        0.24777        1.85774
        0.25000        1.84904
        0.25223        1.83932
        0.25446        1.83217
        0.25670        1.82383
        0.25893        1.81878
        0.26116        1.80978
        0.26339        1.80249
        0.26562        1.78981
        0.26786        1.78192
        0.27009        1.76821
        0.27232        1.75755
        0.27455        1.74495
        0.27679        1.73358
        0.27902        1.71879
        0.28125        1.70833
        0.28348        1.69014
        0.28571        1.67391
        0.28795        1.65690
        0.29018        1.64144
        0.29241        1.61851
        0.29464        1.59939
        0.29688        1.57569
        0.29911        1.56103
        0.30134        1.53810
        0.30357        1.51648
        0.30580        1.47160
        0.30804        1.44430
        0.31027        1.41320
        0.31250        1.37958
        0.31473        1.35219
        0.31696        1.29629
        0.31920        1.26743
        0.32143        1.21801
        0.32366        1.17781
        0.32589        1.12923
        0.32812        1.08191
        0.33036        1.02912
        0.33259        0.97708
        0.33482        0.92078
        0.33705        0.86471
        0.33929        0.80469
        0.34152        0.74429
        0.34375        0.67983
        0.34598        0.61504
        0.34821        0.54712
        0.35045        0.47884
        0.35268        0.40641
        0.35491        0.33159
        0.35714        0.25221
        0.35938        0.17098
        0.36161        0.08702
        0.36384        0.00247
        0.36607       -0.08513
        0.36830       -0.17508
        0.37054       -0.27002
        0.37277       -0.36941
        0.37500       -0.47589
        0.37723       -0.58902
        0.37946       -0.71111
        0.38170       -0.84234
        0.38393       -0.98634
        0.38616       -1.14410
        0.38839       -1.31993
        0.39062       -1.51465
        0.39286       -1.73260
        0.39509       -1.97481
        0.39732       -2.24660
        0.39955       -2.54978
        0.40179       -2.89027
        0.40402       -3.26976
        0.40625       -3.69417
        0.40848       -4.16626
        0.41071       -4.69012
        0.41295       -5.24993
        0.41518       -5.88536
        0.41741       -6.64508
        0.41964       -7.55295
        0.42188       -8.60051
        0.42411       -9.75923
        0.42634      -10.96938
        0.42857      -12.17741
        0.43080      -13.38951
        0.43304      -14.61069
        0.43527      -15.83405
        0.43750      -17.03846
        0.43973      -18.19516
        0.44196      -19.27475
        0.44420      -20.25307
        0.44643      -21.11273
        0.44866      -21.84186
        0.45089      -22.43291
        0.45312      -22.88190
        0.45536      -23.19022
        0.45759      -23.36561
        0.45982      -23.42405
        0.46205      -23.38690
        0.46429      -23.27904
        0.46652      -23.13179
        0.46875      -22.98560
        0.47098      -22.87153
        0.47321      -22.80710
        0.47545      -22.80328
        0.47768      -22.86533
        0.47991      -22.98171
        0.48214      -23.12799
        0.48438      -23.26566
        0.48661      -23.39984
        0.48884      -23.57680
        0.49107      -23.81041
        0.49330      -24.09916
        0.49554      -24.41032
        0.49777      -24.69026
        0.50000      -24.87399
        0.50223      -24.96014
        0.50446      -24.95494
        0.50670      -24.85906
        0.50893      -24.66345
        0.51116      -24.37647
        0.51339      -24.06550
        0.51562      -23.78159
        0.51786      -23.55437
        0.52009      -23.38314
        0.52232      -23.25099
        0.52455      -23.11111
        0.52679      -22.96625
        0.52902      -22.85478
        0.53125      -22.79964
        0.53348      -22.81046
        0.53571      -22.88084
        0.53795      -22.99940
        0.54018      -23.14755
        0.54241      -23.29240
        0.54464      -23.39392
        0.54688      -23.42184
        0.54911      -23.35169
        0.55134      -23.16250
        0.55357      -22.83915
        0.55580      -22.37469
        0.55804      -21.76841
        0.56027      -21.02471
        0.56250      -20.15153
        0.56473      -19.16126
        0.56696      -18.07202
        0.56920      -16.90870
        0.57143      -15.70091
        0.57366      -14.47705
        0.57589      -13.25671
        0.57812      -12.04565
        0.58036      -10.83710
        0.58259       -9.62881
        0.58482       -8.48015
        0.58705       -7.44651
        0.58929       -6.55508
        0.59152       -5.81030
        0.59375       -5.18610
        0.59598       -4.63085
        0.59821       -4.11174
        0.60045       -3.64535
        0.60268       -3.22589
        0.60491       -2.85090
        0.60714       -2.51463
        0.60938       -2.21504
        0.61161       -1.94668
        0.61384       -1.70721
        0.61607       -1.49200
        0.61830       -1.29935
        0.62054       -1.12573
        0.62277       -0.96946
        0.62500       -0.82712
        0.62723       -0.69682
        0.62946       -0.57593
        0.63170       -0.46340
        0.63393       -0.35789
        0.63616       -0.25891
        0.63839       -0.16467
        0.64062       -0.07494
        0.64286        0.01221
        0.64509        0.09673
        0.64732        0.18040
        0.64955        0.26148
        0.65179        0.34042
        0.65402        0.41491
        0.65625        0.48693
        0.65848        0.55500
        0.66071        0.62275
        0.66295        0.68732
        0.66518        0.75157
        0.66741        0.81168
        0.66964        0.87149
        0.67188        0.92736
        0.67411        0.98342
        0.67634        1.03532
        0.67857        1.08774
        0.68080        1.13477
        0.68304        1.18269
        0.68527        1.22038
        0.68750        1.27427
        0.68973        1.30522
        0.69196        1.35377
        0.69420        1.38102
        0.69643        1.42111
        0.69866        1.45554
        0.70089        1.48212
        0.70312        1.50849
        0.70536        1.53454
        0.70759        1.56541
        0.70982        1.58430
        0.71205        1.60495
        0.71429        1.62136
        0.71652        1.64375
        0.71875        1.65853
        0.72098        1.67694
        0.72321        1.69225
        0.72545        1.70954
        0.72768        1.72107
        0.72991        1.73640
        0.73214        1.74633
        0.73438        1.76033
        0.73661        1.76942
        0.73884        1.78406
        0.74107        1.79212
        0.74330        1.80359
        0.74554        1.81113
        0.74777        1.81949
        0.75000        1.82479
        0.75223        1.83338
        0.75446        1.84017
        0.75670        1.85010
        0.75893        1.85834
        0.76116        1.86448
        0.76339        1.86743
        0.76562        1.86734
        0.76786        1.86828
        0.77009        1.86979
        0.77232        1.87538
        0.77455        1.88247
        0.77679        1.88926
        0.77902        1.89243
        0.78125        1.89225
        0.78348        1.88839
        0.78571        1.88612
        0.78795        1.88562
        0.79018        1.88989
        0.79241        1.89510
        0.79464        1.90050
        0.79688        1.90218
        0.79911        1.90088
        0.80134        1.89588
        0.80357        1.89225
        0.80580        1.89073
        0.80804        1.89454
        0.81027        1.89939
        0.81250        1.90433
        0.81473        1.90586
        0.81696        1.90412
        0.81920        1.89977
        0.82143        1.89623
        0.82366        1.89395
        0.82589        1.89781
        0.82812        1.90192
        0.83036        1.90635
        0.83259        1.90807
        0.83482        1.90624
        0.83705        1.90131
        0.83929        1.89715
        0.84152        1.89477
        0.84375        1.89828
        0.84598        1.90303
        0.84821        1.90776
        0.85045        1.90981
        0.85268        1.90814
        0.85491        1.90360
        0.85714        1.90037
        0.85938        1.89833
        0.86161        1.90180
        0.86384        1.90571
        0.86607        1.91065
        0.86830        1.91284
        0.87054        1.91036
        0.87277        1.90518
        0.87500        1.90178
        0.87723        1.89983
        0.87946        1.90225
        0.88170        1.90583
        0.88393        1.91051
        0.88616        1.91285
        0.88839        1.91002
        0.89062        1.90467
        0.89286        1.90105
        0.89509        1.89824
        0.89732        1.90043
        0.89955        1.90447
        0.90179        1.90970
        0.90402        1.91213
        0.90625        1.91015
        0.90848        1.90570
        0.91071        1.90288
        0.91295        1.90121
        0.91518        1.90367
        0.91741        1.90790
        0.91964        1.91273
        0.92188        1.91572
        0.92411        1.91411
        0.92634        1.90952
        0.92857        1.90675
        0.93080        1.90485
        0.93304        1.90683
        0.93527        1.91000
        0.93750        1.91415
        0.93973        1.91666
        0.94196        1.91445
        0.94420        1.91033
        0.94643        1.90716
        0.94866        1.90467
        0.95089        1.90671
        0.95312        1.91016
        0.95536        1.91384
        0.95759        1.91557
        0.95982        1.91367
        0.96205        1.90964
        0.96429        1.90601
        0.96652        1.90333
        0.96875        1.90517
        0.97098        1.90774
        0.97321        1.91209
        0.97545        1.91446
        0.97768        1.91337
        0.97991        1.90963
        0.98214        1.90551
        0.98438        1.90354
        0.98661        1.90495
        0.98884        1.90782
        0.99107        1.91259
        0.99330        1.91587
        0.99554        1.91467
        0.99777        1.91098
        1.00000        1.90646
