        0.00223        3.38544
        0.00446        3.39011
        0.00670        3.38862
        0.00893        3.39341
        0.01116        3.39220
        0.01339        3.39188
        0.01562        3.39158
        0.01786        3.39251
        0.02009        3.38989
        0.02232        3.39584
        0.02455        3.39537
        0.02679        3.40003
        0.02902        3.39785
        0.03125        3.39776
        0.03348        3.39521
        0.03571        3.39532
        0.03795        3.39188
        0.04018        3.39594
        0.04241        3.39427
        0.04464        3.39964
        0.04688        3.39809
        0.04911        3.39691
        0.05134        3.39346
        0.05357        3.39495
        0.05580        3.39065
        0.05804        3.39489
        0.06027        3.39321
        0.06250        3.39877
        0.06473        3.39756
        0.06696        3.39822
        0.06920        3.39293
        0.07143        3.39435
        0.07366        3.39003
        0.07589        3.39459
        0.07812        3.39290
        0.08036        3.39712
        0.08259        3.39771
        0.08482        3.39903
        0.08705        3.39378
        0.08929        3.39502
        0.09152        3.39154
        0.09375        3.39512
        0.09598        3.39475
        0.09821        3.39791
        0.10045        3.39754
        0.10268        3.39950
        0.10491        3.39487
        0.10714        3.39506
        0.10938        3.38935
        0.11161        3.39263
        0.11384        3.39090
        0.11607        3.39180
        0.11830        3.39179
        0.12054        3.39271
        0.12277        3.38789
        0.12500        3.38968
        0.12723        3.38485
        0.12946        3.38971
        0.13170        3.38966
        0.13393        3.39185
        0.13616        3.39418
        0.13839        3.39635
        0.14062        3.39411
        0.14286        3.39541
        0.14509        3.38947
        0.14732        3.39331
        0.14955        3.39452
        0.15179        3.39516
        0.15402        3.39636
        0.15625        3.39878
        0.15848        3.39581
        0.16071        3.39446
        0.16295        3.38745
        0.16518        3.38959
        0.16741        3.39286
        0.16964        3.39435
        0.17188        3.39499
        0.17411        3.39814
        0.17634        3.39465
        0.17857        3.39438
        0.18080        3.38781
        0.18304        3.39061
        0.18527        3.39314
        0.18750        3.39370
        0.18973        3.39443
        0.19196        3.39777
        0.19420        3.39309
        0.19643        3.39326
        0.19866        3.38599
        0.20089        3.38752
        0.20312        3.38955
        0.20536        3.38857
        0.20759        3.38880
        0.20982        3.39176
        0.21205        3.38602
        0.21429        3.38618
        0.21652        3.37846
        0.21875        3.37845
        0.22098        3.37679
        0.22321        3.37355
        0.22545        3.37278
        0.22768        3.37223
        0.22991        3.36339
        0.23214        3.35887
        0.23438        3.34985
        0.23661        3.34456
        0.23884        3.33676
        0.24107        3.33984
        0.24330        3.33831
        0.24554        3.33529
        0.24777        3.32102
        0.25000        3.30964
        0.25223        3.29294
        0.25446        3.28664
        0.25670        3.27776
        0.25893        3.27611
        0.26116        3.26449
        0.26339        3.25443
        0.26562        3.23741
        0.26786        3.22556
        0.27009        3.20577
        0.27232        3.20036
        0.27455        3.17429
        0.27679        3.17022
        0.27902        3.14955
        0.28125        3.13095
        0.28348        3.10921
        0.28571        3.09815
        0.28795        3.06436
        0.29018        3.04105
        0.29241        3.03228
        0.29464        2.98337
        0.29688        2.96236
        0.29911        2.92826
        0.30134        2.89766
        0.30357        2.86613
        0.30580        2.82909
        0.30804        2.79164
        0.31027        2.75158
        0.31250        2.70742
        0.31473        2.66463
        0.31696        2.61619
        0.31920        2.56843
        0.32143        2.51693
        0.32366        2.46510
        0.32589        2.40967
        0.32812        2.35458
        0.33036        2.29547
        0.33259        2.23819
        0.33482        2.17618
        0.33705        2.11555
        0.33929        2.04941
        0.34152        1.98446
        0.34375        1.91397
        0.34598        1.84474
        0.34821        1.76916
        0.35045        1.69612
        0.35268        1.61727
        0.35491        1.54176
        0.35714        1.45972
        0.35938        1.37924
        0.36161        1.29002
        0.36384        1.20192
        0.36607        1.10436
        0.36830        1.00580
        0.37054        0.89427
        0.37277        0.77800
        0.37500        0.64530
        0.37723        0.50401
        0.37946        0.34273
        0.38170        0.16830
        0.38393       -0.03058
        0.38616       -0.24802
        0.38839       -0.49429
        0.39062       -0.76391
        0.39286       -1.06603
        0.39509       -1.39635
        0.39732       -1.76369
        0.39955       -2.16542
        0.40179       -2.60967
        0.40402       -3.09517
        0.40625       -3.62902
        0.40848       -4.21204
        0.41071       -4.82422
        0.41295       -5.48965
        0.41518       -6.29793
        0.41741       -7.29567
        0.41964       -8.50916
        0.42188       -9.91639
        0.42411      -11.48105
        0.42634      -13.14059
        0.42857      -14.83900
        0.43080      -16.51289
        0.43304      -18.11586
        0.43527      -19.60025
        0.43750      -20.93624
        0.43973      -22.09234
        0.44196      -23.05290
        0.44420      -23.79924
        0.44643      -24.32697
        0.44866      -24.62790
        0.45089      -24.70735
        0.45312      -24.56640
        0.45536      -24.21937
        0.45759      -23.67599
        0.45982      -22.96039
        0.46205      -22.09224
        0.46429      -21.11005
        0.46652      -20.03407
        0.46875      -18.90084
        0.47098      -17.82606
        0.47321      -16.92709
        0.47545      -16.28050
        0.47768      -15.92464
        0.47991      -15.84901
        0.48214      -16.01060
        0.48438      -16.32788
        0.48661      -16.70196
        0.48884      -17.01390
        0.49107      -17.18461
        0.49330      -17.23775
        0.49554      -17.20426
        0.49777      -17.11174
        0.50000      -16.99629
        0.50223      -16.88017
        0.50446      -16.77407
        0.50670      -16.66543
        0.50893      -16.52965
        0.51116      -16.33010
        0.51339      -16.03518
        0.51562      -15.62078
        0.51786      -15.08401
        0.52009      -14.44119
        0.52232      -13.73544
        0.52455      -13.02390
        0.52679      -12.35577
        0.52902      -11.85556
        0.53125      -11.66687
        0.53348      -11.86299
        0.53571      -12.44573
        0.53795      -13.33733
        0.54018      -14.42096
        0.54241      -15.63358
        0.54464      -16.93033
        0.54688      -18.24027
        0.54911      -19.51304
        0.55134      -20.69671
        0.55357      -21.75713
        0.55580      -22.65927
        0.55804      -23.38331
        0.56027      -23.90784
        0.56250      -24.22489
        0.56473      -24.32393
        0.56696      -24.20672
        0.56920      -23.87186
        0.57143      -23.33033
        0.57366      -22.59048
        0.57589      -21.67435
        0.57812      -20.60216
        0.58036      -19.40971
        0.58259      -18.13167
        0.58482      -16.82091
        0.58705      -15.52828
        0.58929      -14.32541
        0.59152      -13.25429
        0.59375      -12.38403
        0.59598      -11.83169
        0.59821      -11.66892
        0.60045      -11.88748
        0.60268      -12.40795
        0.60491      -13.08323
        0.60714      -13.79573
        0.60938      -14.49875
        0.61161      -15.13373
        0.61384      -15.66078
        0.61607      -16.06461
        0.61830      -16.35056
        0.62054      -16.54334
        0.62277      -16.67560
        0.62500      -16.78315
        0.62723      -16.88992
        0.62946      -17.00659
        0.63170      -17.12116
        0.63393      -17.21017
        0.63616      -17.23724
        0.63839      -17.17575
        0.64062      -16.99327
        0.64286      -16.67147
        0.64509      -16.29805
        0.64732      -15.98990
        0.64955      -15.84569
        0.65179      -15.94333
        0.65402      -16.32386
        0.65625      -16.99344
        0.65848      -17.91073
        0.66071      -18.99519
        0.66295      -20.12751
        0.66518      -21.19567
        0.66741      -22.16996
        0.66964      -23.02619
        0.67188      -23.72846
        0.67411      -24.25584
        0.67634      -24.58632
        0.67857      -24.70892
        0.68080      -24.61127
        0.68304      -24.29113
        0.68527      -23.74508
        0.68750      -22.98019
        0.68973      -22.00283
        0.69196      -20.83060
        0.69420      -19.48126
        0.69643      -17.98530
        0.69866      -16.37481
        0.70089      -14.69659
        0.70312      -12.99929
        0.70536      -11.34514
        0.70759       -9.79175
        0.70982       -8.39922
        0.71205       -7.20374
        0.71429       -6.22298
        0.71652       -5.42926
        0.71875       -4.77151
        0.72098       -4.16148
        0.72321       -3.58177
        0.72545       -3.05251
        0.72768       -2.57030
        0.72991       -2.12993
        0.73214       -1.73104
        0.73438       -1.36700
        0.73661       -1.03907
        0.73884       -0.73978
        0.74107       -0.47219
        0.74330       -0.22838
        0.74554       -0.01262
        0.74777        0.18418
        0.75000        0.35735
        0.75223        0.51695
        0.75446        0.65739
        0.75670        0.78868
        0.75893        0.90448
        0.76116        1.01483
        0.76339        1.11331
        0.76562        1.20989
        0.76786        1.29828
        0.77009        1.38650
        0.77232        1.46741
        0.77455        1.54844
        0.77679        1.62471
        0.77902        1.70251
        0.78125        1.77646
        0.78348        1.85074
        0.78571        1.92097
        0.78795        1.98996
        0.79018        2.05616
        0.79241        2.12060
        0.79464        2.18267
        0.79688        2.24280
        0.79911        2.30185
        0.80134        2.35885
        0.80357        2.41595
        0.80580        2.46895
        0.80804        2.52300
        0.81027        2.57183
        0.81250        2.62207
        0.81473        2.66747
        0.81696        2.71317
        0.81920        2.75380
        0.82143        2.79745
        0.82366        2.83091
        0.82589        2.87020
        0.82812        2.90332
        0.83036        2.93726
        0.83259        2.94159
        0.83482        3.01576
        0.83705        3.02998
        0.83929        3.04261
        0.84152        3.07176
        0.84375        3.08088
        0.84598        3.11963
        0.84821        3.13514
        0.85045        3.15888
        0.85268        3.16955
        0.85491        3.18044
        0.85714        3.19480
        0.85938        3.21144
        0.86161        3.22528
        0.86384        3.23978
        0.86607        3.25669
        0.86830        3.26727
        0.87054        3.27716
        0.87277        3.27866
        0.87500        3.28635
        0.87723        3.29666
        0.87946        3.30976
        0.88170        3.32293
        0.88393        3.33583
        0.88616        3.33930
        0.88839        3.34006
        0.89062        3.33850
        0.89286        3.34498
        0.89509        3.35132
        0.89732        3.35958
        0.89955        3.36488
        0.90179        3.37222
        0.90402        3.37336
        0.90625        3.37433
        0.90848        3.37743
        0.91071        3.37902
        0.91295        3.37951
        0.91518        3.38639
        0.91741        3.38724
        0.91964        3.39227
        0.92188        3.38916
        0.92411        3.38910
        0.92634        3.38985
        0.92857        3.38821
        0.93080        3.38642
        0.93304        3.39354
        0.93527        3.39414
        0.93750        3.39800
        0.93973        3.39476
        0.94196        3.39416
        0.94420        3.39343
        0.94643        3.39106
        0.94866        3.38819
        0.95089        3.39484
        0.95312        3.39561
        0.95536        3.39828
        0.95759        3.39519
        0.95982        3.39485
        0.96205        3.39325
        0.96429        3.39010
        0.96652        3.38800
        0.96875        3.39500
        0.97098        3.39663
        0.97321        3.39909
        0.97545        3.39666
        0.97768        3.39537
        0.97991        3.39504
        0.98214        3.39320
        0.98438        3.39013
        0.98661        3.39596
        0.98884        3.39464
        0.99107        3.39690
        0.99330        3.39441
        0.99554        3.39190
        0.99777        3.39015
        1.00000        3.38957
