        0.00223        1.97379
        0.00446        1.96883
        0.00670        1.97862
        0.00893        1.97831
        0.01116        1.99083
        0.01339        1.98060
        0.01562        1.98984
        0.01786        1.99098
        0.02009        1.99094
        0.02232        1.98370
        0.02455        1.99642
        0.02679        1.98318
        0.02902        1.99801
        0.03125        1.99346
        0.03348        1.99483
        0.03571        1.99345
        0.03795        2.00992
        0.04018        1.98197
        0.04241        1.99445
        0.04464        1.99077
        0.04688        1.99217
        0.04911        1.99557
        0.05134        1.98864
        0.05357        2.00148
        0.05580        1.98400
        0.05804        1.99252
        0.06027        1.99072
        0.06250        1.97713
        0.06473        1.98857
        0.06696        1.99123
        0.06920        1.98672
        0.07143        1.97874
        0.07366        1.98224
        0.07589        1.98051
        0.07812        1.97559
        0.08036        1.97610
        0.08259        1.96732
        0.08482        1.97644
        0.08705        1.96180
        0.08929        1.95826
        0.09152        1.96295
        0.09375        1.96587
        0.09598        1.95212
        0.09821        1.95227
        0.10045        1.94909
        0.10268        1.94247
        0.10491        1.93192
        0.10714        1.92907
        0.10938        1.92951
        0.11161        1.92680
        0.11384        1.91436
        0.11607        1.90631
        0.11830        1.90196
        0.12054        1.88411
        0.12277        1.86109
        0.12500        1.83121
        0.12723        1.78138
        0.12946        1.76648
        0.13170        1.75824
        0.13393        1.75072
        0.13616        1.74941
        0.13839        1.73930
        0.14062        1.73632
        0.14286        1.72880
        0.14509        1.73309
        0.14732        1.73204
        0.14955        1.73168
        0.15179        1.71910
        0.15402        1.72741
        0.15625        1.72191
        0.15848        1.72935
        0.16071        1.71463
        0.16295        1.73441
        0.16518        1.70726
        0.16741        1.72997
        0.16964        1.71539
        0.17188        1.71359
        0.17411        1.72555
        0.17634        1.72392
        0.17857        1.72859
        0.18080        1.71167
        0.18304        1.71679
        0.18527        1.75797
        0.18750        1.69763
        0.18973        1.75466
        0.19196        1.72054
        0.19420        1.78832
        0.19643        1.75925
        0.19866        1.78997
        0.20089        1.72718
        0.20312        1.72389
        0.20536        1.66681
        0.20759        1.59782
        0.20982        1.60561
        0.21205        1.54351
        0.21429        1.56865
        0.21652        1.54476
        0.21875        1.65729
        0.22098        1.68432
        0.22321        1.80093
        0.22545        1.76295
        0.22768        1.82946
        0.22991        1.71841
        0.23214        1.76294
        0.23438        1.71240
        0.23661        1.76912
        0.23884        1.67803
        0.24107        1.75400
        0.24330        1.66555
        0.24554        1.74569
        0.24777        1.67793
        0.25000        1.74702
        0.25223        1.67869
        0.25446        1.74534
        0.25670        1.69984
        0.25893        1.76885
        0.26116        1.72584
        0.26339        1.87861
        0.26562        1.85883
        0.26786        1.95715
        0.27009        1.90303
        0.27232        2.01122
        0.27455        1.92073
        0.27679        2.04156
        0.27902        1.94468
        0.28125        2.02905
        0.28348        2.03605
        0.28571        2.03849
        0.28795        2.03879
        0.29018        2.07343
        0.29241        1.98801
        0.29464        2.12856
        0.29688        2.00438
        0.29911        2.15091
        0.30134        2.03159
        0.30357        2.10917
        0.30580        2.04747
        0.30804        2.09523
        0.31027        2.08816
        0.31250        2.11511
        0.31473        2.11447
        0.31696        2.08767
        0.31920        2.10526
        0.32143        2.06976
        0.32366        2.09726
        0.32589        2.06353
        0.32812        2.09669
        0.33036        2.06700
        0.33259        2.14249
        0.33482        2.00264
        0.33705        2.13364
        0.33929        1.94526
        0.34152        2.04750
        0.34375        1.95449
        0.34598        2.01322
        0.34821        2.00239
        0.35045        1.99627
        0.35268        1.94109
        0.35491        1.92588
        0.35714        1.87323
        0.35938        1.82992
        0.36161        1.66545
        0.36384        1.59850
        0.36607        1.53987
        0.36830        1.52159
        0.37054        1.49238
        0.37277        1.46411
        0.37500        1.42231
        0.37723        1.41472
        0.37946        1.36656
        0.38170        1.34903
        0.38393        1.27893
        0.38616        1.32770
        0.38839        1.20250
        0.39062        1.19950
        0.39286        1.14547
        0.39509        1.06922
        0.39732        1.15495
        0.39955        0.94835
        0.40179        0.96048
        0.40402        0.88162
        0.40625        0.86876
        0.40848        0.74882
        0.41071        0.65654
        0.41295        0.61477
        0.41518        0.48999
        0.41741        0.45469
        0.41964        0.32296
        0.42188        0.26719
        0.42411        0.13323
        0.42634        0.05963
        0.42857       -0.07726
        0.43080       -0.16137
        0.43304       -0.30047
        0.43527       -0.39290
        0.43750       -0.54208
        0.43973       -0.64796
        0.44196       -0.80547
        0.44420       -0.91953
        0.44643       -1.08465
        0.44866       -1.21482
        0.45089       -1.40342
        0.45312       -1.57164
        0.45536       -1.80428
        0.45759       -2.02687
        0.45982       -2.31673
        0.46205       -2.60972
        0.46429       -2.98074
        0.46652       -3.37578
        0.46875       -3.86359
        0.47098       -4.39802
        0.47321       -5.04365
        0.47545       -5.76765
        0.47768       -6.59608
        0.47991       -7.52374
        0.48214       -8.76335
        0.48438      -10.32171
        0.48661      -12.18186
        0.48884      -14.14247
        0.49107      -16.08320
        0.49330      -17.82713
        0.49554      -19.35116
        0.49777      -20.60740
        0.50000      -21.65058
        0.50223      -22.44001
        0.50446      -23.10671
        0.50670      -23.67997
        0.50893      -24.24096
        0.51116      -24.75692
        0.51339      -25.27687
        0.51562      -25.79593
        0.51786      -26.43264
        0.52009      -27.25188
        0.52232      -28.38048
        0.52455      -29.78448
        0.52679      -31.38699
        0.52902      -32.93011
        0.53125      -34.33707
        0.53348      -35.55854
        0.53571      -36.57507
        0.53795      -37.32893
        0.54018      -37.83789
        0.54241      -38.05482
        0.54464      -37.98448
        0.54688      -37.60754
        0.54911      -36.98009
        0.55134      -36.08252
        0.55357      -34.96368
        0.55580      -33.63461
        0.55804      -32.16387
        0.56027      -30.55586
        0.56250      -29.03834
        0.56473      -27.76097
        0.56696      -26.80404
        0.56920      -26.08392
        0.57143      -25.52622
        0.57366      -25.00662
        0.57589      -24.49787
        0.57812      -23.95197
        0.58036      -23.39460
        0.58259      -22.77319
        0.58482      -22.06312
        0.58705      -21.14403
        0.58929      -19.99670
        0.59152      -18.60118
        0.59375      -16.96666
        0.59598      -15.10379
        0.59821      -13.13958
        0.60045      -11.20207
        0.60268       -9.48697
        0.60491       -8.08299
        0.60714       -7.02534
        0.60938       -6.15992
        0.61161       -5.38612
        0.61384       -4.69646
        0.61607       -4.11627
        0.61830       -3.59986
        0.62054       -3.16743
        0.62277       -2.77881
        0.62500       -2.45548
        0.62723       -2.15827
        0.62946       -1.90980
        0.63170       -1.67606
        0.63393       -1.48280
        0.63616       -1.29873
        0.63839       -1.14662
        0.64062       -0.99340
        0.64286       -0.86047
        0.64509       -0.71870
        0.64732       -0.59274
        0.64955       -0.45927
        0.65179       -0.34420
        0.65402       -0.22329
        0.65625       -0.11752
        0.65848       -0.00111
        0.66071        0.09870
        0.66295        0.20814
        0.66518        0.29876
        0.66741        0.39764
        0.66964        0.47774
        0.67188        0.56727
        0.67411        0.63741
        0.67634        0.72218
        0.67857        0.78243
        0.68080        0.86225
        0.68304        0.91106
        0.68527        0.98785
        0.68750        1.02187
        0.68973        1.08698
        0.69196        1.11918
        0.69420        1.17497
        0.69643        1.20043
        0.69866        1.25010
        0.70089        1.28668
        0.70312        1.31359
        0.70536        1.36907
        0.70759        1.38038
        0.70982        1.40443
        0.71205        1.45695
        0.71429        1.47179
        0.71652        1.50591
        0.71875        1.53411
        0.72098        1.57609
        0.72321        1.62210
        0.72545        1.75181
        0.72768        1.84650
        0.72991        1.89937
        0.73214        1.91779
        0.73438        1.95210
        0.73661        1.97731
        0.73884        2.01404
        0.74107        2.05426
        0.74330        2.08776
        0.74554        2.05971
        0.74777        2.09016
        0.75000        2.03744
        0.75223        2.08313
        0.75446        2.06243
        0.75670        2.07306
        0.75893        2.06263
        0.76116        2.04339
        0.76339        2.05395
        0.76562        2.04787
        0.76786        2.10240
        0.77009        2.08285
        0.77232        2.11006
        0.77455        2.11312
        0.77679        2.10433
        0.77902        2.06758
        0.78125        2.02445
        0.78348        2.05864
        0.78571        2.05711
        0.78795        2.06896
        0.79018        2.09622
        0.79241        2.06666
        0.79464        2.08006
        0.79688        2.01258
        0.79911        2.02744
        0.80134        1.99968
        0.80357        2.04183
        0.80580        1.98777
        0.80804        2.02494
        0.81027        1.97762
        0.81250        1.96136
        0.81473        1.95655
        0.81696        1.92577
        0.81920        1.90985
        0.82143        1.87544
        0.82366        1.80407
        0.82589        1.74819
        0.82812        1.73064
        0.83036        1.72650
        0.83259        1.71855
        0.83482        1.71453
        0.83705        1.70014
        0.83929        1.72123
        0.84152        1.68885
        0.84375        1.72762
        0.84598        1.70459
        0.84821        1.71613
        0.85045        1.70679
        0.85268        1.69479
        0.85491        1.72524
        0.85714        1.73746
        0.85938        1.77938
        0.86161        1.81088
        0.86384        1.82239
        0.86607        1.82081
        0.86830        1.67954
        0.87054        1.46009
        0.87277        1.33076
        0.87500        1.46378
        0.87723        1.62586
        0.87946        1.74319
        0.88170        1.77625
        0.88393        1.79075
        0.88616        1.78244
        0.88839        1.73495
        0.89062        1.74688
        0.89286        1.74535
        0.89509        1.73318
        0.89732        1.73674
        0.89955        1.72837
        0.90179        1.72343
        0.90402        1.73631
        0.90625        1.68720
        0.90848        1.72157
        0.91071        1.69852
        0.91295        1.74280
        0.91518        1.69397
        0.91741        1.72841
        0.91964        1.71448
        0.92188        1.72665
        0.92411        1.70767
        0.92634        1.73014
        0.92857        1.71103
        0.93080        1.72769
        0.93304        1.73024
        0.93527        1.72928
        0.93750        1.72587
        0.93973        1.74109
        0.94196        1.72677
        0.94420        1.74592
        0.94643        1.73470
        0.94866        1.75390
        0.95089        1.74283
        0.95312        1.75746
        0.95536        1.75435
        0.95759        1.77965
        0.95982        1.81316
        0.96205        1.85909
        0.96429        1.86745
        0.96652        1.89949
        0.96875        1.89791
        0.97098        1.91450
        0.97321        1.91366
        0.97545        1.93734
        0.97768        1.92059
        0.97991        1.94779
        0.98214        1.93272
        0.98438        1.95157
        0.98661        1.95020
        0.98884        1.94572
        0.99107        1.95829
        0.99330        1.96508
        0.99554        1.97172
        0.99777        1.96699
        1.00000        1.97053
