        0.00223        3.60848
        0.00446        3.60733
        0.00670        3.60501
        0.00893        3.60338
        0.01116        3.60405
        0.01339        3.60464
        0.01562        3.60531
        0.01786        3.60789
        0.02009        3.60901
        0.02232        3.60825
        0.02455        3.60626
        0.02679        3.60477
        0.02902        3.60478
        0.03125        3.60560
        0.03348        3.60556
        0.03571        3.60780
        0.03795        3.60819
        0.04018        3.60792
        0.04241        3.60594
        0.04464        3.60472
        0.04688        3.60443
        0.04911        3.60514
        0.05134        3.60453
        0.05357        3.60582
        0.05580        3.60559
        0.05804        3.60591
        0.06027        3.60403
        0.06250        3.60307
        0.06473        3.60321
        0.06696        3.60513
        0.06920        3.60525
        0.07143        3.60738
        0.07366        3.60639
        0.07589        3.60727
        0.07812        3.60465
        0.08036        3.60330
        0.08259        3.60258
        0.08482        3.60436
        0.08705        3.60294
        0.08929        3.60411
        0.09152        3.60390
        0.09375        3.60384
        0.09598        3.59992
        0.09821        3.59890
        0.10045        3.59781
        0.10268        3.59940
        0.10491        3.59580
        0.10714        3.59544
        0.10938        3.59426
        0.11161        3.59273
        0.11384        3.58732
        0.11607        3.58365
        0.11830        3.58065
        0.12054        3.57936
        0.12277        3.57225
        0.12500        3.57044
        0.12723        3.56523
        0.12946        3.56085
        0.13170        3.55136
        0.13393        3.54182
        0.13616        3.53158
        0.13839        3.52382
        0.14062        3.51355
        0.14286        3.50706
        0.14509        3.49571
        0.14732        3.48748
        0.14955        3.47012
        0.15179        3.45884
        0.15402        3.43972
        0.15625        3.42708
        0.15848        3.40899
        0.16071        3.39266
        0.16295        3.37602
        0.16518        3.35588
        0.16741        3.33476
        0.16964        3.31331
        0.17188        3.29070
        0.17411        3.25659
        0.17634        3.23638
        0.17857        3.20609
        0.18080        3.16501
        0.18304        3.14028
        0.18527        3.09795
        0.18750        3.06927
        0.18973        3.01837
        0.19196        3.00103
        0.19420        2.92168
        0.19643        2.88180
        0.19866        2.82655
        0.20089        2.79574
        0.20312        2.71099
        0.20536        2.65896
        0.20759        2.59892
        0.20982        2.53585
        0.21205        2.47056
        0.21429        2.40153
        0.21652        2.33140
        0.21875        2.25600
        0.22098        2.18254
        0.22321        2.10282
        0.22545        2.02547
        0.22768        1.94159
        0.22991        1.86018
        0.23214        1.77071
        0.23438        1.68549
        0.23661        1.59020
        0.23884        1.50136
        0.24107        1.39898
        0.24330        1.30327
        0.24554        1.18922
        0.24777        1.08086
        0.25000        0.94939
        0.25223        0.82196
        0.25446        0.66549
        0.25670        0.50968
        0.25893        0.31863
        0.26116        0.12382
        0.26339       -0.11160
        0.26562       -0.35590
        0.26786       -0.64583
        0.27009       -0.95129
        0.27232       -1.30772
        0.27455       -1.68748
        0.27679       -2.12371
        0.27902       -2.59173
        0.28125       -3.12324
        0.28348       -3.67422
        0.28571       -4.28522
        0.28795       -5.01900
        0.29018       -5.94212
        0.29241       -7.06061
        0.29464       -8.37098
        0.29688       -9.82187
        0.29911      -11.36893
        0.30134      -12.94431
        0.30357      -14.50174
        0.30580      -15.98361
        0.30804      -17.35781
        0.31027      -18.58248
        0.31250      -19.64022
        0.31473      -20.50223
        0.31696      -21.16249
        0.31920      -21.60163
        0.32143      -21.82221
        0.32366      -21.81200
        0.32589      -21.58099
        0.32812      -21.12318
        0.33036      -20.45618
        0.33259      -19.58133
        0.33482      -18.52550
        0.33705      -17.29974
        0.33929      -15.94359
        0.34152      -14.48124
        0.34375      -12.96829
        0.34598      -11.44394
        0.34821       -9.97855
        0.35045       -8.61869
        0.35268       -7.43175
        0.35491       -6.44217
        0.35714       -5.67485
        0.35938       -5.09228
        0.36161       -4.65235
        0.36384       -4.26647
        0.36607       -3.94619
        0.36830       -3.69155
        0.37054       -3.50362
        0.37277       -3.37368
        0.37500       -3.32107
        0.37723       -3.35457
        0.37946       -3.47509
        0.38170       -3.67900
        0.38393       -3.95448
        0.38616       -4.30836
        0.38839       -4.71564
        0.39062       -5.16281
        0.39286       -5.70113
        0.39509       -6.36283
        0.39732       -7.20815
        0.39955       -8.24344
        0.40179       -9.48007
        0.40402      -10.89529
        0.40625      -12.45214
        0.40848      -14.11037
        0.41071      -15.81315
        0.41295      -17.51664
        0.41518      -19.16592
        0.41741      -20.72453
        0.41964      -22.14903
        0.42188      -23.41674
        0.42411      -24.50095
        0.42634      -25.39684
        0.42857      -26.09260
        0.43080      -26.57498
        0.43304      -26.89558
        0.43527      -27.13486
        0.43750      -27.29364
        0.43973      -27.33752
        0.44196      -27.19610
        0.44420      -26.82915
        0.44643      -26.21960
        0.44866      -25.40971
        0.45089      -24.46819
        0.45312      -23.48356
        0.45536      -22.52947
        0.45759      -21.75706
        0.45982      -21.21607
        0.46205      -20.88115
        0.46429      -20.71011
        0.46652      -20.66226
        0.46875      -20.70658
        0.47098      -20.87250
        0.47321      -21.20072
        0.47545      -21.73381
        0.47768      -22.49783
        0.47991      -23.44815
        0.48214      -24.43341
        0.48438      -25.37795
        0.48661      -26.19419
        0.48884      -26.81212
        0.49107      -27.18802
        0.49330      -27.33719
        0.49554      -27.29897
        0.49777      -27.14359
        0.50000      -26.90702
        0.50223      -26.59062
        0.50446      -26.11569
        0.50670      -25.42774
        0.50893      -24.53885
        0.51116      -23.46168
        0.51339      -22.20024
        0.51562      -20.78126
        0.51786      -19.22678
        0.52009      -17.58038
        0.52232      -15.87787
        0.52455      -14.17445
        0.52679      -12.51353
        0.52902      -10.95238
        0.53125       -9.53116
        0.53348       -8.28777
        0.53571       -7.24503
        0.53795       -6.39294
        0.54018       -5.72554
        0.54241       -5.18327
        0.54464       -4.73381
        0.54688       -4.32536
        0.54911       -3.96874
        0.55134       -3.69073
        0.55357       -3.48384
        0.55580       -3.36044
        0.55804       -3.32360
        0.56027       -3.37319
        0.56250       -3.50084
        0.56473       -3.68647
        0.56696       -3.93884
        0.56920       -4.25645
        0.57143       -4.64065
        0.57366       -5.07732
        0.57589       -5.65365
        0.57812       -6.41351
        0.58036       -7.39518
        0.58259       -8.57533
        0.58482       -9.92999
        0.58705      -11.39241
        0.58929      -12.91587
        0.59152      -14.43004
        0.59375      -15.89523
        0.59598      -17.25575
        0.59821      -18.48699
        0.60045      -19.54928
        0.60268      -20.43121
        0.60491      -21.10590
        0.60714      -21.57160
        0.60938      -21.81091
        0.61161      -21.82927
        0.61384      -21.61699
        0.61607      -21.18580
        0.61830      -20.53344
        0.62054      -19.67855
        0.62277      -18.62767
        0.62500      -17.40863
        0.62723      -16.03941
        0.62946      -14.56077
        0.63170      -13.00531
        0.63393      -11.42969
        0.63616       -9.88056
        0.63839       -8.42523
        0.64062       -7.10889
        0.64286       -5.98306
        0.64509       -5.05286
        0.64732       -4.31307
        0.64955       -3.69878
        0.65179       -3.14688
        0.65402       -2.61383
        0.65625       -2.14391
        0.65848       -1.70626
        0.66071       -1.32485
        0.66295       -0.96731
        0.66518       -0.66039
        0.66741       -0.36964
        0.66964       -0.12403
        0.67188        0.11193
        0.67411        0.30794
        0.67634        0.49926
        0.67857        0.65618
        0.68080        0.81264
        0.68304        0.94109
        0.68527        1.07230
        0.68750        1.18160
        0.68973        1.29522
        0.69196        1.39183
        0.69420        1.49363
        0.69643        1.58332
        0.69866        1.67793
        0.70089        1.76404
        0.70312        1.85274
        0.70536        1.93513
        0.70759        2.01817
        0.70982        2.09656
        0.71205        2.17532
        0.71429        2.25003
        0.71652        2.32418
        0.71875        2.39593
        0.72098        2.46347
        0.72321        2.53055
        0.72545        2.59231
        0.72768        2.65379
        0.72991        2.70815
        0.73214        2.78053
        0.73438        2.81776
        0.73661        2.88591
        0.73884        2.91822
        0.74107        2.98361
        0.74330        3.00805
        0.74554        3.07040
        0.74777        3.09606
        0.75000        3.13285
        0.75223        3.16072
        0.75446        3.19893
        0.75670        3.22907
        0.75893        3.25365
        0.76116        3.28590
        0.76339        3.31027
        0.76562        3.32948
        0.76786        3.35147
        0.77009        3.37187
        0.77232        3.38816
        0.77455        3.40520
        0.77679        3.42087
        0.77902        3.43629
        0.78125        3.45337
        0.78348        3.46701
        0.78571        3.48246
        0.78795        3.49175
        0.79018        3.50280
        0.79241        3.51053
        0.79464        3.51945
        0.79688        3.52765
        0.79911        3.53833
        0.80134        3.54869
        0.80357        3.55626
        0.80580        3.56109
        0.80804        3.56569
        0.81027        3.56848
        0.81250        3.57468
        0.81473        3.57708
        0.81696        3.57937
        0.81920        3.58324
        0.82143        3.58790
        0.82366        3.58969
        0.82589        3.59083
        0.82812        3.59138
        0.83036        3.59473
        0.83259        3.59398
        0.83482        3.59464
        0.83705        3.59596
        0.83929        3.59875
        0.84152        3.59910
        0.84375        3.59944
        0.84598        3.59887
        0.84821        3.59959
        0.85045        3.59867
        0.85268        3.59904
        0.85491        3.60060
        0.85714        3.60233
        0.85938        3.60190
        0.86161        3.60283
        0.86384        3.60103
        0.86607        3.60065
        0.86830        3.59909
        0.87054        3.59903
        0.87277        3.59979
        0.87500        3.60104
        0.87723        3.60102
        0.87946        3.60142
        0.88170        3.59999
        0.88393        3.60082
        0.88616        3.60036
        0.88839        3.60050
        0.89062        3.60171
        0.89286        3.60343
        0.89509        3.60358
        0.89732        3.60350
        0.89955        3.60115
        0.90179        3.60126
        0.90402        3.60087
        0.90625        3.60058
        0.90848        3.60220
        0.91071        3.60387
        0.91295        3.60445
        0.91518        3.60359
        0.91741        3.60114
        0.91964        3.60041
        0.92188        3.60010
        0.92411        3.59945
        0.92634        3.60090
        0.92857        3.60309
        0.93080        3.60416
        0.93304        3.60367
        0.93527        3.60179
        0.93750        3.60033
        0.93973        3.60057
        0.94196        3.60050
        0.94420        3.60191
        0.94643        3.60435
        0.94866        3.60490
        0.95089        3.60409
        0.95312        3.60123
        0.95536        3.59985
        0.95759        3.60052
        0.95982        3.60000
        0.96205        3.60111
        0.96429        3.60272
        0.96652        3.60357
        0.96875        3.60398
        0.97098        3.60310
        0.97321        3.60262
        0.97545        3.60399
        0.97768        3.60387
        0.97991        3.60524
        0.98214        3.60799
        0.98438        3.60910
        0.98661        3.60843
        0.98884        3.60598
        0.99107        3.60420
        0.99330        3.60476
        0.99554        3.60465
        0.99777        3.60557
        1.00000        3.60778
