        0.00223        1.95353
        0.00446        1.94558
        0.00670        1.94136
        0.00893        1.93402
        0.01116        1.93640
        0.01339        1.94362
        0.01562        1.94936
        0.01786        1.95411
        0.02009        1.95359
        0.02232        1.94595
        0.02455        1.94143
        0.02679        1.93406
        0.02902        1.93546
        0.03125        1.94260
        0.03348        1.94817
        0.03571        1.95363
        0.03795        1.95298
        0.04018        1.94571
        0.04241        1.94077
        0.04464        1.93383
        0.04688        1.93469
        0.04911        1.94129
        0.05134        1.94664
        0.05357        1.95264
        0.05580        1.95237
        0.05804        1.94522
        0.06027        1.94011
        0.06250        1.93317
        0.06473        1.93322
        0.06696        1.93954
        0.06920        1.94459
        0.07143        1.95112
        0.07366        1.95136
        0.07589        1.94432
        0.07812        1.93913
        0.08036        1.93246
        0.08259        1.93177
        0.08482        1.93788
        0.08705        1.94281
        0.08929        1.94990
        0.09152        1.95054
        0.09375        1.94363
        0.09598        1.93822
        0.09821        1.93141
        0.10045        1.93005
        0.10268        1.93563
        0.10491        1.94027
        0.10714        1.94785
        0.10938        1.94865
        0.11161        1.94205
        0.11384        1.93613
        0.11607        1.92961
        0.11830        1.92699
        0.12054        1.93198
        0.12277        1.93712
        0.12500        1.94442
        0.12723        1.94591
        0.12946        1.93923
        0.13170        1.93293
        0.13393        1.92610
        0.13616        1.92274
        0.13839        1.92666
        0.14062        1.93246
        0.14286        1.93930
        0.14509        1.94115
        0.14732        1.93412
        0.14955        1.92709
        0.15179        1.91910
        0.15402        1.91445
        0.15625        1.91660
        0.15848        1.92299
        0.16071        1.92878
        0.16295        1.93078
        0.16518        1.92196
        0.16741        1.91392
        0.16964        1.90283
        0.17188        1.89631
        0.17411        1.89574
        0.17634        1.90216
        0.17857        1.90608
        0.18080        1.90760
        0.18304        1.89601
        0.18527        1.88462
        0.18750        1.86947
        0.18973        1.85870
        0.19196        1.85620
        0.19420        1.85977
        0.19643        1.86089
        0.19866        1.85813
        0.20089        1.84541
        0.20312        1.82772
        0.20536        1.80832
        0.20759        1.79741
        0.20982        1.78961
        0.21205        1.78465
        0.21429        1.77798
        0.21652        1.76745
        0.21875        1.74865
        0.22098        1.73325
        0.22321        1.71016
        0.22545        1.69521
        0.22768        1.68178
        0.22991        1.66309
        0.23214        1.64696
        0.23438        1.62971
        0.23661        1.59886
        0.23884        1.57587
        0.24107        1.55368
        0.24330        1.52724
        0.24554        1.50082
        0.24777        1.47735
        0.25000        1.42363
        0.25223        1.40805
        0.25446        1.34836
        0.25670        1.32586
        0.25893        1.27249
        0.26116        1.23752
        0.26339        1.18536
        0.26562        1.13098
        0.26786        1.08334
        0.27009        1.01813
        0.27232        0.96691
        0.27455        0.90141
        0.27679        0.84156
        0.27902        0.77164
        0.28125        0.70431
        0.28348        0.62623
        0.28571        0.55121
        0.28795        0.46493
        0.29018        0.38349
        0.29241        0.29138
        0.29464        0.20355
        0.29688        0.10442
        0.29911        0.00829
        0.30134       -0.10058
        0.30357       -0.20682
        0.30580       -0.32630
        0.30804       -0.44265
        0.31027       -0.57296
        0.31250       -0.70201
        0.31473       -0.84960
        0.31696       -1.00186
        0.31920       -1.17763
        0.32143       -1.36263
        0.32366       -1.57497
        0.32589       -1.80335
        0.32812       -2.06766
        0.33036       -2.36007
        0.33259       -2.69946
        0.33482       -3.07885
        0.33705       -3.51504
        0.33929       -4.00445
        0.34152       -4.54564
        0.34375       -5.15693
        0.34598       -5.91525
        0.34821       -6.83904
        0.35045       -7.93890
        0.35268       -9.17572
        0.35491      -10.52036
        0.35714      -11.89857
        0.35938      -13.29962
        0.36161      -14.73885
        0.36384      -16.21896
        0.36607      -17.70555
        0.36830      -19.15604
        0.37054      -20.50730
        0.37277      -21.71274
        0.37500      -22.72377
        0.37723      -23.51065
        0.37946      -24.04792
        0.38170      -24.32809
        0.38393      -24.34841
        0.38616      -24.12790
        0.38839      -23.69326
        0.39062      -23.09352
        0.39286      -22.37971
        0.39509      -21.62637
        0.39732      -20.89978
        0.39955      -20.26579
        0.40179      -19.75609
        0.40402      -19.37847
        0.40625      -19.09755
        0.40848      -18.90497
        0.41071      -18.84349
        0.41295      -18.93964
        0.41518      -19.19969
        0.41741      -19.60995
        0.41964      -20.12053
        0.42188      -20.65397
        0.42411      -21.14691
        0.42634      -21.60177
        0.42857      -21.99689
        0.43080      -22.32022
        0.43304      -22.55624
        0.43527      -22.70246
        0.43750      -22.75119
        0.43973      -22.70568
        0.44196      -22.56257
        0.44420      -22.32950
        0.44643      -22.00882
        0.44866      -21.61594
        0.45089      -21.16259
        0.45312      -20.67094
        0.45536      -20.13826
        0.45759      -19.62527
        0.45982      -19.21059
        0.46205      -18.94479
        0.46429      -18.84310
        0.46652      -18.89930
        0.46875      -19.08817
        0.47098      -19.36624
        0.47321      -19.73978
        0.47545      -20.24479
        0.47768      -20.87488
        0.47991      -21.59916
        0.48214      -22.35267
        0.48438      -23.06909
        0.48661      -23.67369
        0.48884      -24.11485
        0.49107      -24.34330
        0.49330      -24.33160
        0.49554      -24.06049
        0.49777      -23.53188
        0.50000      -22.75333
        0.50223      -21.74948
        0.50446      -20.55009
        0.50670      -19.20304
        0.50893      -17.75501
        0.51116      -16.26877
        0.51339      -14.78786
        0.51562      -13.34702
        0.51786      -11.94500
        0.52009      -10.56619
        0.52232       -9.21928
        0.52455       -7.97798
        0.52679       -6.87289
        0.52902       -5.94282
        0.53125       -5.17916
        0.53348       -4.56372
        0.53571       -4.02117
        0.53795       -3.52963
        0.54018       -3.09177
        0.54241       -2.71045
        0.54464       -2.36985
        0.54688       -2.07585
        0.54911       -1.81076
        0.55134       -1.58116
        0.55357       -1.36843
        0.55580       -1.18245
        0.55804       -1.00649
        0.56027       -0.85336
        0.56250       -0.70576
        0.56473       -0.57602
        0.56696       -0.44590
        0.56920       -0.32896
        0.57143       -0.20972
        0.57366       -0.10287
        0.57589        0.00573
        0.57812        0.10249
        0.58036        0.20128
        0.58259        0.28974
        0.58482        0.38141
        0.58705        0.46354
        0.58929        0.54929
        0.59152        0.62513
        0.59375        0.70264
        0.59598        0.77084
        0.59821        0.84011
        0.60045        0.90092
        0.60268        0.96551
        0.60491        1.01828
        0.60714        1.08192
        0.60938        1.13072
        0.61161        1.18297
        0.61384        1.23871
        0.61607        1.27596
        0.61830        1.32267
        0.62054        1.34818
        0.62277        1.40821
        0.62500        1.41947
        0.62723        1.47842
        0.62946        1.49872
        0.63170        1.52415
        0.63393        1.55841
        0.63616        1.57527
        0.63839        1.60112
        0.64062        1.62852
        0.64286        1.64781
        0.64509        1.66331
        0.64732        1.67930
        0.64955        1.69706
        0.65179        1.71290
        0.65402        1.73052
        0.65625        1.75005
        0.65848        1.76748
        0.66071        1.77754
        0.66295        1.78600
        0.66518        1.79133
        0.66741        1.79688
        0.66964        1.80962
        0.67188        1.82769
        0.67411        1.84623
        0.67634        1.85912
        0.67857        1.86196
        0.68080        1.86117
        0.68304        1.85737
        0.68527        1.85893
        0.68750        1.86954
        0.68973        1.88450
        0.69196        1.89698
        0.69420        1.90870
        0.69643        1.90803
        0.69866        1.90322
        0.70089        1.89780
        0.70312        1.89675
        0.70536        1.90366
        0.70759        1.91452
        0.70982        1.92332
        0.71205        1.93186
        0.71429        1.93084
        0.71652        1.92419
        0.71875        1.91893
        0.72098        1.91548
        0.72321        1.91997
        0.72545        1.92804
        0.72768        1.93521
        0.72991        1.94232
        0.73214        1.94113
        0.73438        1.93358
        0.73661        1.92878
        0.73884        1.92401
        0.74107        1.92701
        0.74330        1.93398
        0.74554        1.94027
        0.74777        1.94713
        0.75000        1.94573
        0.75223        1.93850
        0.75446        1.93384
        0.75670        1.92807
        0.75893        1.93063
        0.76116        1.93698
        0.76339        1.94320
        0.76562        1.95013
        0.76786        1.94890
        0.77009        1.94190
        0.77232        1.93749
        0.77455        1.93102
        0.77679        1.93255
        0.77902        1.93903
        0.78125        1.94504
        0.78348        1.95193
        0.78571        1.95119
        0.78795        1.94423
        0.79018        1.93980
        0.79241        1.93265
        0.79464        1.93346
        0.79688        1.94009
        0.79911        1.94559
        0.80134        1.95282
        0.80357        1.95253
        0.80580        1.94611
        0.80804        1.94131
        0.81027        1.93416
        0.81250        1.93426
        0.81473        1.94124
        0.81696        1.94646
        0.81920        1.95389
        0.82143        1.95407
        0.82366        1.94824
        0.82589        1.94301
        0.82812        1.93559
        0.83036        1.93490
        0.83259        1.94206
        0.83482        1.94711
        0.83705        1.95445
        0.83929        1.95488
        0.84152        1.94986
        0.84375        1.94419
        0.84598        1.93673
        0.84821        1.93510
        0.85045        1.94243
        0.85268        1.94744
        0.85491        1.95490
        0.85714        1.95553
        0.85938        1.95094
        0.86161        1.94513
        0.86384        1.93764
        0.86607        1.93527
        0.86830        1.94239
        0.87054        1.94706
        0.87277        1.95470
        0.87500        1.95538
        0.87723        1.95129
        0.87946        1.94535
        0.88170        1.93790
        0.88393        1.93465
        0.88616        1.94154
        0.88839        1.94661
        0.89062        1.95457
        0.89286        1.95525
        0.89509        1.95207
        0.89732        1.94556
        0.89955        1.93852
        0.90179        1.93449
        0.90402        1.94088
        0.90625        1.94636
        0.90848        1.95425
        0.91071        1.95525
        0.91295        1.95266
        0.91518        1.94544
        0.91741        1.93917
        0.91964        1.93405
        0.92188        1.94017
        0.92411        1.94613
        0.92634        1.95382
        0.92857        1.95546
        0.93080        1.95367
        0.93304        1.94567
        0.93527        1.93965
        0.93750        1.93389
        0.93973        1.93902
        0.94196        1.94484
        0.94420        1.95218
        0.94643        1.95425
        0.94866        1.95297
        0.95089        1.94484
        0.95312        1.93918
        0.95536        1.93302
        0.95759        1.93776
        0.95982        1.94419
        0.96205        1.95113
        0.96429        1.95385
        0.96652        1.95323
        0.96875        1.94499
        0.97098        1.93985
        0.97321        1.93339
        0.97545        1.93739
        0.97768        1.94422
        0.97991        1.95056
        0.98214        1.95389
        0.98438        1.95337
        0.98661        1.94519
        0.98884        1.94050
        0.99107        1.93347
        0.99330        1.93678
        0.99554        1.94380
        0.99777        1.94980
        1.00000        1.95391
