        0.00223        2.67973
        0.00446        2.68047
        0.00670        2.68000
        0.00893        2.68035
        0.01116        2.67738
        0.01339        2.67617
        0.01562        2.67260
        0.01786        2.67075
        0.02009        2.66917
        0.02232        2.66851
        0.02455        2.66761
        0.02679        2.66610
        0.02902        2.66244
        0.03125        2.65762
        0.03348        2.65206
        0.03571        2.64666
        0.03795        2.64419
        0.04018        2.64226
        0.04241        2.63980
        0.04464        2.63669
        0.04688        2.63059
        0.04911        2.62323
        0.05134        2.61457
        0.05357        2.60612
        0.05580        2.60284
        0.05804        2.59975
        0.06027        2.59825
        0.06250        2.59499
        0.06473        2.58809
        0.06696        2.57970
        0.06920        2.57066
        0.07143        2.56236
        0.07366        2.56042
        0.07589        2.55922
        0.07812        2.56222
        0.08036        2.56182
        0.08259        2.55998
        0.08482        2.55734
        0.08705        2.55377
        0.08929        2.55412
        0.09152        2.55508
        0.09375        2.56206
        0.09598        2.57390
        0.09821        2.57543
        0.10045        2.58194
        0.10268        2.58205
        0.10491        2.58535
        0.10714        2.58536
        0.10938        2.59237
        0.11161        2.59863
        0.11384        2.60687
        0.11607        2.61234
        0.11830        2.61543
        0.12054        2.61647
        0.12277        2.61598
        0.12500        2.61533
        0.12723        2.61853
        0.12946        2.62061
        0.13170        2.62347
        0.13393        2.62498
        0.13616        2.62347
        0.13839        2.62023
        0.14062        2.61524
        0.14286        2.60945
        0.14509        2.60595
        0.14732        2.60100
        0.14955        2.59789
        0.15179        2.59175
        0.15402        2.58359
        0.15625        2.56999
        0.15848        2.55686
        0.16071        2.53734
        0.16295        2.51971
        0.16518        2.48682
        0.16741        2.44588
        0.16964        2.38990
        0.17188        2.33585
        0.17411        2.27356
        0.17634        2.22606
        0.17857        2.17512
        0.18080        2.14220
        0.18304        2.09940
        0.18527        2.05162
        0.18750        2.03617
        0.18973        1.97753
        0.19196        1.95582
        0.19420        1.89105
        0.19643        1.86611
        0.19866        1.80472
        0.20089        1.77328
        0.20312        1.70600
        0.20536        1.67908
        0.20759        1.58177
        0.20982        1.54067
        0.21205        1.46838
        0.21429        1.39632
        0.21652        1.34707
        0.21875        1.25379
        0.22098        1.18099
        0.22321        1.10307
        0.22545        1.02722
        0.22768        0.91939
        0.22991        0.86142
        0.23214        0.72515
        0.23438        0.65951
        0.23661        0.53865
        0.23884        0.45534
        0.24107        0.33474
        0.24330        0.23439
        0.24554        0.11018
        0.24777       -0.00136
        0.25000       -0.13498
        0.25223       -0.26219
        0.25446       -0.41521
        0.25670       -0.57175
        0.25893       -0.75461
        0.26116       -0.95125
        0.26339       -1.17352
        0.26562       -1.42215
        0.26786       -1.69942
        0.27009       -2.01596
        0.27232       -2.36604
        0.27455       -2.76596
        0.27679       -3.20927
        0.27902       -3.70206
        0.28125       -4.22776
        0.28348       -4.87788
        0.28571       -5.69440
        0.28795       -6.69417
        0.29018       -7.84690
        0.29241       -9.09646
        0.29464      -10.38815
        0.29688      -11.64862
        0.29911      -12.83850
        0.30134      -13.89805
        0.30357      -14.80896
        0.30580      -15.53037
        0.30804      -16.05840
        0.31027      -16.37160
        0.31250      -16.48604
        0.31473      -16.39432
        0.31696      -16.11012
        0.31920      -15.63888
        0.32143      -15.01042
        0.32366      -14.24392
        0.32589      -13.37508
        0.32812      -12.47133
        0.33036      -11.63294
        0.33259      -10.94217
        0.33482      -10.48450
        0.33705      -10.32436
        0.33929      -10.47370
        0.34152      -10.90880
        0.34375      -11.52746
        0.34598      -12.23657
        0.34821      -12.98336
        0.35045      -13.75445
        0.35268      -14.50336
        0.35491      -15.20919
        0.35714      -15.85368
        0.35938      -16.42872
        0.36161      -16.92732
        0.36384      -17.33738
        0.36607      -17.65739
        0.36830      -17.89452
        0.37054      -18.04629
        0.37277      -18.17358
        0.37500      -18.36685
        0.37723      -18.66864
        0.37946      -19.10555
        0.38170      -19.66727
        0.38393      -20.34909
        0.38616      -21.10156
        0.38839      -21.93157
        0.39062      -22.89278
        0.39286      -24.01027
        0.39509      -25.24796
        0.39732      -26.53737
        0.39955      -27.79284
        0.40179      -28.91703
        0.40402      -29.81479
        0.40625      -30.43202
        0.40848      -30.75005
        0.41071      -30.74935
        0.41295      -30.43069
        0.41518      -29.81215
        0.41741      -28.91395
        0.41964      -27.78887
        0.42188      -26.53358
        0.42411      -25.24395
        0.42634      -24.00705
        0.42857      -22.88985
        0.43080      -21.92964
        0.43304      -21.09976
        0.43527      -20.34786
        0.43750      -19.66613
        0.43973      -19.10529
        0.44196      -18.66856
        0.44420      -18.36761
        0.44643      -18.17433
        0.44866      -18.04752
        0.45089      -17.89514
        0.45312      -17.65806
        0.45536      -17.33740
        0.45759      -16.92737
        0.45982      -16.42809
        0.46205      -15.85316
        0.46429      -15.20806
        0.46652      -14.50240
        0.46875      -13.75295
        0.47098      -12.98227
        0.47321      -12.23520
        0.47545      -11.52669
        0.47768      -10.90806
        0.47991      -10.47428
        0.48214      -10.32560
        0.48438      -10.48730
        0.48661      -10.94552
        0.48884      -11.63739
        0.49107      -12.47573
        0.49330      -13.37997
        0.49554      -14.24809
        0.49777      -15.01458
        0.50000      -15.64206
        0.50223      -16.11311
        0.50446      -16.39614
        0.50670      -16.48759
        0.50893      -16.37196
        0.51116      -16.05846
        0.51339      -15.52922
        0.51562      -14.80758
        0.51786      -13.89555
        0.52009      -12.83598
        0.52232      -11.64523
        0.52455      -10.38509
        0.52679       -9.09284
        0.52902       -7.84413
        0.53125       -6.69125
        0.53348       -5.69272
        0.53571       -4.87619
        0.53795       -4.22731
        0.54018       -3.70116
        0.54241       -3.20920
        0.54464       -2.76534
        0.54688       -2.36633
        0.54911       -2.01562
        0.55134       -1.70001
        0.55357       -1.42205
        0.55580       -1.17435
        0.55804       -0.95132
        0.56027       -0.75562
        0.56250       -0.57195
        0.56473       -0.41635
        0.56696       -0.26249
        0.56920       -0.13621
        0.57143       -0.00171
        0.57366        0.10888
        0.57589        0.23403
        0.57812        0.33337
        0.58036        0.45500
        0.58259        0.53721
        0.58482        0.65916
        0.58705        0.72362
        0.58929        0.86120
        0.59152        0.91778
        0.59375        1.02704
        0.59598        1.10117
        0.59821        1.18123
        0.60045        1.25144
        0.60268        1.34750
        0.60491        1.39369
        0.60714        1.47012
        0.60938        1.53384
        0.61161        1.58097
        0.61384        1.68374
        0.61607        1.70196
        0.61830        1.77293
        0.62054        1.80410
        0.62277        1.86551
        0.62500        1.89049
        0.62723        1.95405
        0.62946        1.97751
        0.63170        2.03283
        0.63393        2.05309
        0.63616        2.09997
        0.63839        2.13717
        0.64062        2.17594
        0.64286        2.22411
        0.64509        2.27266
        0.64732        2.33390
        0.64955        2.39048
        0.65179        2.44356
        0.65402        2.48669
        0.65625        2.51767
        0.65848        2.53678
        0.66071        2.55505
        0.66295        2.56953
        0.66518        2.58193
        0.66741        2.59110
        0.66964        2.59634
        0.67188        2.60025
        0.67411        2.60440
        0.67634        2.60870
        0.67857        2.61368
        0.68080        2.61945
        0.68304        2.62196
        0.68527        2.62420
        0.68750        2.62185
        0.68973        2.61966
        0.69196        2.61706
        0.69420        2.61453
        0.69643        2.61461
        0.69866        2.61554
        0.70089        2.61396
        0.70312        2.61136
        0.70536        2.60531
        0.70759        2.59767
        0.70982        2.59084
        0.71205        2.58442
        0.71429        2.58378
        0.71652        2.58114
        0.71875        2.58030
        0.72098        2.57494
        0.72321        2.57111
        0.72545        2.56025
        0.72768        2.55703
        0.72991        2.55171
        0.73214        2.55241
        0.73438        2.55657
        0.73661        2.55783
        0.73884        2.56114
        0.74107        2.56059
        0.74330        2.55830
        0.74554        2.55886
        0.74777        2.56144
        0.75000        2.56925
        0.75223        2.57881
        0.75446        2.58677
        0.75670        2.59406
        0.75893        2.59692
        0.76116        2.59876
        0.76339        2.60147
        0.76562        2.60513
        0.76786        2.61327
        0.77009        2.62236
        0.77232        2.62937
        0.77455        2.63584
        0.77679        2.63850
        0.77902        2.64120
        0.78125        2.64294
        0.78348        2.64566
        0.78571        2.65096
        0.78795        2.65664
        0.79018        2.66123
        0.79241        2.66497
        0.79464        2.66640
        0.79688        2.66727
        0.79911        2.66804
        0.80134        2.66946
        0.80357        2.67160
        0.80580        2.67476
        0.80804        2.67671
        0.81027        2.67910
        0.81250        2.67829
        0.81473        2.67945
        0.81696        2.67788
        0.81920        2.67614
        0.82143        2.67883
        0.82366        2.67811
        0.82589        2.68031
        0.82812        2.67897
        0.83036        2.67928
        0.83259        2.67602
        0.83482        2.67428
        0.83705        2.67068
        0.83929        2.67017
        0.84152        2.66808
        0.84375        2.66793
        0.84598        2.66524
        0.84821        2.66400
        0.85045        2.65947
        0.85268        2.65548
        0.85491        2.64976
        0.85714        2.64755
        0.85938        2.64414
        0.86161        2.64298
        0.86384        2.63933
        0.86607        2.63692
        0.86830        2.63092
        0.87054        2.62375
        0.87277        2.61507
        0.87500        2.61021
        0.87723        2.60690
        0.87946        2.60526
        0.88170        2.60196
        0.88393        2.59706
        0.88616        2.58898
        0.88839        2.57611
        0.89062        2.56424
        0.89286        2.55803
        0.89509        2.55599
        0.89732        2.55608
        0.89955        2.55406
        0.90179        2.54867
        0.90402        2.54028
        0.90625        2.52990
        0.90848        2.52579
        0.91071        2.52582
        0.91295        2.53066
        0.91518        2.54103
        0.91741        2.54992
        0.91964        2.55504
        0.92188        2.55744
        0.92411        2.55700
        0.92634        2.55941
        0.92857        2.56528
        0.93080        2.57749
        0.93304        2.59001
        0.93527        2.59841
        0.93750        2.60299
        0.93973        2.60659
        0.94196        2.60789
        0.94420        2.61155
        0.94643        2.61606
        0.94866        2.62515
        0.95089        2.63195
        0.95312        2.63830
        0.95536        2.64036
        0.95759        2.64437
        0.95982        2.64512
        0.96205        2.64886
        0.96429        2.65076
        0.96652        2.65689
        0.96875        2.66047
        0.97098        2.66540
        0.97321        2.66619
        0.97545        2.66932
        0.97768        2.66903
        0.97991        2.67158
        0.98214        2.67161
        0.98438        2.67571
        0.98661        2.67695
        0.98884        2.68074
        0.99107        2.67990
        0.99330        2.68173
        0.99554        2.67890
        0.99777        2.68073
        1.00000        2.67619
