        0.00223        1.66058
        0.00446        1.67786
        0.00670        1.64874
        0.00893        1.73690
        0.01116        1.65511
        0.01339        1.73263
        0.01562        1.62740
        0.01786        1.69898
        0.02009        1.65443
        0.02232        1.64557
        0.02455        1.75654
        0.02679        1.67217
        0.02902        1.71496
        0.03125        1.60910
        0.03348        1.64001
        0.03571        1.54647
        0.03795        1.58623
        0.04018        1.66311
        0.04241        1.67580
        0.04464        1.70572
        0.04688        1.67551
        0.04911        1.67324
        0.05134        1.69299
        0.05357        1.62953
        0.05580        1.70700
        0.05804        1.59872
        0.06027        1.74451
        0.06250        1.66871
        0.06473        1.70903
        0.06696        1.70304
        0.06920        1.63246
        0.07143        1.67640
        0.07366        1.62851
        0.07589        1.69363
        0.07812        1.66621
        0.08036        1.71094
        0.08259        1.69001
        0.08482        1.70392
        0.08705        1.67191
        0.08929        1.67650
        0.09152        1.67365
        0.09375        1.70818
        0.09598        1.74591
        0.09821        1.86709
        0.10045        1.89872
        0.10268        1.92560
        0.10491        1.92557
        0.10714        1.92774
        0.10938        1.93942
        0.11161        1.95987
        0.11384        1.98062
        0.11607        1.99253
        0.11830        1.99599
        0.12054        1.99729
        0.12277        1.98724
        0.12500        1.97532
        0.12723        1.98007
        0.12946        1.98558
        0.13170        2.00235
        0.13393        2.00398
        0.13616        2.00269
        0.13839        1.99380
        0.14062        1.98169
        0.14286        1.95858
        0.14509        1.95864
        0.14732        1.95056
        0.14955        1.96145
        0.15179        1.94704
        0.15402        1.93657
        0.15625        1.90558
        0.15848        1.87257
        0.16071        1.76212
        0.16295        1.70343
        0.16518        1.68278
        0.16741        1.70768
        0.16964        1.69592
        0.17188        1.70915
        0.17411        1.67717
        0.17634        1.68383
        0.17857        1.63441
        0.18080        1.66327
        0.18304        1.63206
        0.18527        1.69124
        0.18750        1.66434
        0.18973        1.68850
        0.19196        1.69888
        0.19420        1.62343
        0.19643        1.64459
        0.19866        1.64733
        0.20089        1.59556
        0.20312        1.67187
        0.20536        1.62900
        0.20759        1.68564
        0.20982        1.67168
        0.21205        1.60976
        0.21429        1.65050
        0.21652        1.56572
        0.21875        1.68739
        0.22098        1.60218
        0.22321        1.67950
        0.22545        1.67376
        0.22768        1.63519
        0.22991        1.68802
        0.23214        1.64246
        0.23438        1.62747
        0.23661        1.65062
        0.23884        1.64549
        0.24107        1.68782
        0.24330        1.67179
        0.24554        1.69493
        0.24777        1.67374
        0.25000        1.68123
        0.25223        1.68339
        0.25446        1.79917
        0.25670        1.88355
        0.25893        1.93759
        0.26116        1.95010
        0.26339        1.97304
        0.26562        1.97671
        0.26786        1.98180
        0.27009        1.98872
        0.27232        1.99885
        0.27455        2.01506
        0.27679        2.03582
        0.27902        2.03485
        0.28125        2.04278
        0.28348        2.02908
        0.28571        2.02458
        0.28795        2.01899
        0.29018        2.02167
        0.29241        2.02832
        0.29464        2.03621
        0.29688        2.02718
        0.29911        2.02083
        0.30134        2.00363
        0.30357        1.98230
        0.30580        1.96284
        0.30804        1.93770
        0.31027        1.92229
        0.31250        1.86390
        0.31473        1.81141
        0.31696        1.73655
        0.31920        1.68639
        0.32143        1.63867
        0.32366        1.62638
        0.32589        1.60404
        0.32812        1.63785
        0.33036        1.60615
        0.33259        1.65883
        0.33482        1.58474
        0.33705        1.64842
        0.33929        1.56438
        0.34152        1.60732
        0.34375        1.55261
        0.34598        1.57992
        0.34821        1.63766
        0.35045        1.54635
        0.35268        1.68939
        0.35491        1.41946
        0.35714        1.63003
        0.35938        1.36081
        0.36161        1.55281
        0.36384        1.36636
        0.36607        1.49649
        0.36830        1.40608
        0.37054        1.43925
        0.37277        1.37672
        0.37500        1.27325
        0.37723        1.36612
        0.37946        1.15936
        0.38170        1.33945
        0.38393        1.05498
        0.38616        1.02078
        0.38839        1.11124
        0.39062        1.02793
        0.39286        0.97733
        0.39509        0.93914
        0.39732        0.93801
        0.39955        0.81726
        0.40179        0.76686
        0.40402        0.70874
        0.40625        0.63741
        0.40848        0.53745
        0.41071        0.46268
        0.41295        0.36394
        0.41518        0.27249
        0.41741        0.16365
        0.41964        0.05641
        0.42188       -0.06452
        0.42411       -0.18417
        0.42634       -0.31275
        0.42857       -0.43889
        0.43080       -0.57435
        0.43304       -0.71022
        0.43527       -0.85788
        0.43750       -1.01021
        0.43973       -1.17814
        0.44196       -1.35344
        0.44420       -1.54822
        0.44643       -1.75514
        0.44866       -1.99243
        0.45089       -2.25384
        0.45312       -2.56111
        0.45536       -2.90427
        0.45759       -3.30824
        0.45982       -3.76411
        0.46205       -4.30734
        0.46429       -4.92445
        0.46652       -5.63381
        0.46875       -6.49711
        0.47098       -7.60366
        0.47321       -8.92592
        0.47545      -10.42860
        0.47768      -11.98341
        0.47991      -13.56110
        0.48214      -15.17937
        0.48438      -16.86242
        0.48661      -18.55641
        0.48884      -20.21108
        0.49107      -21.73551
        0.49330      -23.08746
        0.49554      -24.21342
        0.49777      -25.12596
        0.50000      -25.83684
        0.50223      -26.41280
        0.50446      -26.89550
        0.50670      -27.35814
        0.50893      -27.83531
        0.51116      -28.37115
        0.51339      -28.93717
        0.51562      -29.49613
        0.51786      -30.00194
        0.52009      -30.54712
        0.52232      -31.16265
        0.52455      -31.86407
        0.52679      -32.57084
        0.52902      -33.18656
        0.53125      -33.64619
        0.53348      -33.97077
        0.53571      -34.11848
        0.53795      -34.10283
        0.54018      -33.90349
        0.54241      -33.55274
        0.54464      -33.04858
        0.54688      -32.41048
        0.54911      -31.68710
        0.55134      -31.01178
        0.55357      -30.40638
        0.55580      -29.88607
        0.55804      -29.36386
        0.56027      -28.80489
        0.56250      -28.23495
        0.56473      -27.72163
        0.56696      -27.24386
        0.56920      -26.78951
        0.57143      -26.28156
        0.57366      -25.68657
        0.57589      -24.92288
        0.57812      -23.96888
        0.58036      -22.77832
        0.58259      -21.38898
        0.58482      -19.81851
        0.58705      -18.15592
        0.58929      -16.45059
        0.59152      -14.78981
        0.59375      -13.17509
        0.59598      -11.61397
        0.59821      -10.05360
        0.60045       -8.59444
        0.60268       -7.31217
        0.60491       -6.27448
        0.60714       -5.44856
        0.60938       -4.77490
        0.61161       -4.16437
        0.61384       -3.65383
        0.61607       -3.20144
        0.61830       -2.82313
        0.62054       -2.47876
        0.62277       -2.19376
        0.62500       -1.92787
        0.62723       -1.70974
        0.62946       -1.49470
        0.63170       -1.31666
        0.63393       -1.13118
        0.63616       -0.97947
        0.63839       -0.81584
        0.64062       -0.68407
        0.64286       -0.53527
        0.64509       -0.41561
        0.64732       -0.27524
        0.64955       -0.16271
        0.65179       -0.02841
        0.65402        0.07498
        0.65625        0.19689
        0.65848        0.28738
        0.66071        0.39438
        0.66295        0.47395
        0.66518        0.55814
        0.66741        0.64326
        0.66964        0.74603
        0.67188        0.78847
        0.67411        0.87319
        0.67634        0.86375
        0.67857        1.00919
        0.68080        0.95864
        0.68304        1.04534
        0.68527        1.08101
        0.68750        1.06278
        0.68973        1.13720
        0.69196        1.31124
        0.69420        1.23667
        0.69643        1.35852
        0.69866        1.33526
        0.70089        1.39926
        0.70312        1.39849
        0.70536        1.42274
        0.70759        1.42968
        0.70982        1.39976
        0.71205        1.44555
        0.71429        1.40643
        0.71652        1.55206
        0.71875        1.48264
        0.72098        1.64394
        0.72321        1.51165
        0.72545        1.64883
        0.72768        1.52740
        0.72991        1.61434
        0.73214        1.57534
        0.73438        1.60111
        0.73661        1.63481
        0.73884        1.61068
        0.74107        1.63372
        0.74330        1.61689
        0.74554        1.61462
        0.74777        1.61520
        0.75000        1.62620
        0.75223        1.65041
        0.75446        1.69367
        0.75670        1.76059
        0.75893        1.81967
        0.76116        1.88087
        0.76339        1.92363
        0.76562        1.94237
        0.76786        1.96446
        0.77009        1.99211
        0.77232        2.01060
        0.77455        2.02356
        0.77679        2.02423
        0.77902        2.03515
        0.78125        2.02561
        0.78348        2.01510
        0.78571        2.01954
        0.78795        2.03281
        0.79018        2.03898
        0.79241        2.03850
        0.79464        2.03084
        0.79688        2.02951
        0.79911        2.01052
        0.80134        1.99127
        0.80357        1.98220
        0.80580        1.98980
        0.80804        1.97893
        0.81027        1.97062
        0.81250        1.94442
        0.81473        1.92436
        0.81696        1.86681
        0.81920        1.75678
        0.82143        1.68143
        0.82366        1.67942
        0.82589        1.68088
        0.82812        1.68948
        0.83036        1.68027
        0.83259        1.66937
        0.83482        1.65210
        0.83705        1.63604
        0.83929        1.65546
        0.84152        1.62681
        0.84375        1.66532
        0.84598        1.66819
        0.84821        1.65016
        0.85045        1.68669
        0.85268        1.65055
        0.85491        1.62368
        0.85714        1.64960
        0.85938        1.62250
        0.86161        1.61191
        0.86384        1.65199
        0.86607        1.64416
        0.86830        1.68514
        0.87054        1.64109
        0.87277        1.64309
        0.87500        1.63577
        0.87723        1.64547
        0.87946        1.65295
        0.88170        1.70739
        0.88393        1.63743
        0.88616        1.71219
        0.88839        1.65881
        0.89062        1.64568
        0.89286        1.64190
        0.89509        1.66516
        0.89732        1.67023
        0.89955        1.69218
        0.90179        1.70101
        0.90402        1.70370
        0.90625        1.69567
        0.90848        1.69046
        0.91071        1.69875
        0.91295        1.80638
        0.91518        1.87680
        0.91741        1.92028
        0.91964        1.93060
        0.92188        1.95715
        0.92411        1.95282
        0.92634        1.95472
        0.92857        1.95266
        0.93080        1.96927
        0.93304        1.97895
        0.93527        2.00314
        0.93750        1.99335
        0.93973        2.01077
        0.94196        1.99155
        0.94420        1.98667
        0.94643        1.97574
        0.94866        1.98151
        0.95089        1.98556
        0.95312        2.00167
        0.95536        1.98871
        0.95759        1.99545
        0.95982        1.97006
        0.96205        1.95735
        0.96429        1.93193
        0.96652        1.93153
        0.96875        1.92070
        0.97098        1.92626
        0.97321        1.88704
        0.97545        1.85347
        0.97768        1.72644
        0.97991        1.70290
        0.98214        1.66564
        0.98438        1.68233
        0.98661        1.66880
        0.98884        1.71429
        0.99107        1.68714
        0.99330        1.71091
        0.99554        1.66105
        0.99777        1.67661
        1.00000        1.63516
