        0.00223        2.85255
        0.00446        2.83551
        0.00670        2.86897
        0.00893        2.82497
        0.01116        2.84287
        0.01339        2.81190
        0.01562        2.84440
        0.01786        2.82669
        0.02009        2.87244
        0.02232        2.86546
        0.02455        2.88576
        0.02679        2.86000
        0.02902        2.85572
        0.03125        2.84910
        0.03348        2.85437
        0.03571        2.86343
        0.03795        2.87615
        0.04018        2.88339
        0.04241        2.88312
        0.04464        2.87613
        0.04688        2.85984
        0.04911        2.86398
        0.05134        2.85725
        0.05357        2.87861
        0.05580        2.87342
        0.05804        2.91159
        0.06027        2.88402
        0.06250        2.89818
        0.06473        2.85038
        0.06696        2.87388
        0.06920        2.83499
        0.07143        2.88611
        0.07366        2.86355
        0.07589        2.91035
        0.07812        2.88167
        0.08036        2.89600
        0.08259        2.85062
        0.08482        2.86918
        0.08705        2.84680
        0.08929        2.88006
        0.09152        2.87599
        0.09375        2.89713
        0.09598        2.88226
        0.09821        2.87021
        0.10045        2.84590
        0.10268        2.84224
        0.10491        2.84882
        0.10714        2.85804
        0.10938        2.87376
        0.11161        2.86862
        0.11384        2.87702
        0.11607        2.84100
        0.11830        2.83446
        0.12054        2.80916
        0.12277        2.83281
        0.12500        2.81405
        0.12723        2.84331
        0.12946        2.83704
        0.13170        2.82997
        0.13393        2.81571
        0.13616        2.80156
        0.13839        2.79342
        0.14062        2.80239
        0.14286        2.80038
        0.14509        2.80207
        0.14732        2.80016
        0.14955        2.78599
        0.15179        2.79010
        0.15402        2.76763
        0.15625        2.77584
        0.15848        2.75741
        0.16071        2.77590
        0.16295        2.75475
        0.16518        2.78357
        0.16741        2.73420
        0.16964        2.77338
        0.17188        2.71658
        0.17411        2.76326
        0.17634        2.74238
        0.17857        2.75863
        0.18080        2.73061
        0.18304        2.72075
        0.18527        2.72307
        0.18750        2.72061
        0.18973        2.72001
        0.19196        2.71232
        0.19420        2.68342
        0.19643        2.69041
        0.19866        2.66584
        0.20089        2.66424
        0.20312        2.63902
        0.20536        2.63821
        0.20759        2.62158
        0.20982        2.61657
        0.21205        2.60235
        0.21429        2.58540
        0.21652        2.54125
        0.21875        2.47508
        0.22098        2.41453
        0.22321        2.36446
        0.22545        2.27572
        0.22768        2.22464
        0.22991        2.13685
        0.23214        2.07664
        0.23438        2.00310
        0.23661        1.95654
        0.23884        1.89462
        0.24107        1.84723
        0.24330        1.78643
        0.24554        1.73543
        0.24777        1.67631
        0.25000        1.61278
        0.25223        1.55327
        0.25446        1.49362
        0.25670        1.42111
        0.25893        1.36746
        0.26116        1.28324
        0.26339        1.22925
        0.26562        1.14427
        0.26786        1.08310
        0.27009        0.99980
        0.27232        0.93355
        0.27455        0.84780
        0.27679        0.77704
        0.27902        0.68697
        0.28125        0.61243
        0.28348        0.51908
        0.28571        0.44040
        0.28795        0.34236
        0.29018        0.25629
        0.29241        0.14733
        0.29464        0.04871
        0.29688       -0.07679
        0.29911       -0.19262
        0.30134       -0.34005
        0.30357       -0.48023
        0.30580       -0.65850
        0.30804       -0.83261
        0.31027       -1.05106
        0.31250       -1.26786
        0.31473       -1.53480
        0.31696       -1.80374
        0.31920       -2.12894
        0.32143       -2.46136
        0.32366       -2.85559
        0.32589       -3.26382
        0.32812       -3.73551
        0.33036       -4.20388
        0.33259       -4.76312
        0.33482       -5.42975
        0.33705       -6.27959
        0.33929       -7.27639
        0.34152       -8.43592
        0.34375       -9.68233
        0.34598      -11.00169
        0.34821      -12.31414
        0.35045      -13.60528
        0.35268      -14.80927
        0.35491      -15.92082
        0.35714      -16.89050
        0.35938      -17.72225
        0.36161      -18.38087
        0.36384      -18.87796
        0.36607      -19.18847
        0.36830      -19.32912
        0.37054      -19.28130
        0.37277      -19.06662
        0.37500      -18.67203
        0.37723      -18.12489
        0.37946      -17.41945
        0.38170      -16.59156
        0.38393      -15.64666
        0.38616      -14.63211
        0.38839      -13.56801
        0.39062      -12.51407
        0.39286      -11.50600
        0.39509      -10.61055
        0.39732       -9.86874
        0.39955       -9.33565
        0.40179       -9.03392
        0.40402       -8.98152
        0.40625       -9.14848
        0.40848       -9.49952
        0.41071       -9.97207
        0.41295      -10.58281
        0.41518      -11.30505
        0.41741      -12.10563
        0.41964      -12.98839
        0.42188      -14.00359
        0.42411      -15.14660
        0.42634      -16.40434
        0.42857      -17.71487
        0.43080      -19.01860
        0.43304      -20.23426
        0.43527      -21.31337
        0.43750      -22.21144
        0.43973      -22.91525
        0.44196      -23.40256
        0.44420      -23.67341
        0.44643      -23.72299
        0.44866      -23.56956
        0.45089      -23.22505
        0.45312      -22.71743
        0.45536      -22.07174
        0.45759      -21.32116
        0.45982      -20.49019
        0.46205      -19.69184
        0.46429      -19.02633
        0.46652      -18.57409
        0.46875      -18.37480
        0.47098      -18.44232
        0.47321      -18.76934
        0.47545      -19.33811
        0.47768      -20.07907
        0.47991      -20.91114
        0.48214      -21.70904
        0.48438      -22.40985
        0.48661      -22.99010
        0.48884      -23.42012
        0.49107      -23.67057
        0.49330      -23.72543
        0.49554      -23.56488
        0.49777      -23.18656
        0.50000      -22.58827
        0.50223      -21.78637
        0.50446      -20.79310
        0.50670      -19.64115
        0.50893      -18.37175
        0.51116      -17.05657
        0.51339      -15.76340
        0.51562      -14.55938
        0.51786      -13.47807
        0.52009      -12.53317
        0.52232      -11.69628
        0.52455      -10.93285
        0.52679      -10.25952
        0.52902       -9.72082
        0.53125       -9.30531
        0.53348       -9.03928
        0.53571       -8.97750
        0.53795       -9.15452
        0.54018       -9.57400
        0.54241      -10.21747
        0.54464      -11.04137
        0.54688      -12.00088
        0.54911      -13.03767
        0.55134      -14.10336
        0.55357      -15.14703
        0.55580      -16.13156
        0.55804      -17.02053
        0.56027      -17.79041
        0.56250      -18.41779
        0.56473      -18.89070
        0.56696      -19.19525
        0.56920      -19.32800
        0.57143      -19.28057
        0.57366      -19.05606
        0.57589      -18.65046
        0.57812      -18.07278
        0.58036      -17.32531
        0.58259      -16.42302
        0.58482      -15.37954
        0.58705      -14.21785
        0.58929      -12.96678
        0.59152      -11.65842
        0.59375      -10.33865
        0.59598       -9.04705
        0.59821       -7.84172
        0.60045       -6.75550
        0.60268       -5.83554
        0.60491       -5.07454
        0.60714       -4.47329
        0.60938       -3.96227
        0.61161       -3.50003
        0.61384       -3.05001
        0.61607       -2.65781
        0.61830       -2.28666
        0.62054       -1.96603
        0.62277       -1.66202
        0.62500       -1.40111
        0.62723       -1.15364
        0.62946       -0.94134
        0.63170       -0.74125
        0.63393       -0.56843
        0.63616       -0.40747
        0.63839       -0.26506
        0.64062       -0.13359
        0.64286       -0.01228
        0.64509        0.09779
        0.64732        0.20426
        0.64955        0.29788
        0.65179        0.39413
        0.65402        0.47747
        0.65625        0.56836
        0.65848        0.64704
        0.66071        0.73501
        0.66295        0.80866
        0.66518        0.89569
        0.66741        0.96090
        0.66964        1.04787
        0.67188        1.10254
        0.67411        1.19957
        0.67634        1.23862
        0.67857        1.36151
        0.68080        1.40159
        0.68304        1.45482
        0.68527        1.52538
        0.68750        1.59895
        0.68973        1.64317
        0.69196        1.72082
        0.69420        1.76249
        0.69643        1.81283
        0.69866        1.89139
        0.70089        1.90512
        0.70312        1.98452
        0.70536        2.03405
        0.70759        2.11536
        0.70982        2.17129
        0.71205        2.25820
        0.71429        2.30303
        0.71652        2.38734
        0.71875        2.44376
        0.72098        2.51608
        0.72321        2.56256
        0.72545        2.59801
        0.72768        2.61119
        0.72991        2.63096
        0.73214        2.62224
        0.73438        2.65571
        0.73661        2.63362
        0.73884        2.68484
        0.74107        2.68221
        0.74330        2.68960
        0.74554        2.72054
        0.74777        2.74084
        0.75000        2.76075
        0.75223        2.78421
        0.75446        2.77413
        0.75670        2.81993
        0.75893        2.84278
        0.76116        2.86586
        0.76339        2.72361
        0.76562        2.65207
        0.76786        2.68196
        0.77009        2.77086
        0.77232        2.77075
        0.77455        2.77970
        0.77679        2.70677
        0.77902        2.68805
        0.78125        2.63755
        0.78348        2.67667
        0.78571        2.73185
        0.78795        2.80362
        0.79018        2.81695
        0.79241        2.82515
        0.79464        2.75543
        0.79688        2.74539
        0.79911        2.70817
        0.80134        2.73785
        0.80357        2.77378
        0.80580        2.82826
        0.80804        2.84387
        0.81027        2.83193
        0.81250        2.79670
        0.81473        2.77436
        0.81696        2.77442
        0.81920        2.76225
        0.82143        2.82766
        0.82366        2.82895
        0.82589        2.87313
        0.82812        2.83731
        0.83036        2.84650
        0.83259        2.79461
        0.83482        2.81252
        0.83705        2.79926
        0.83929        2.83799
        0.84152        2.83790
        0.84375        2.86659
        0.84598        2.86493
        0.84821        2.85234
        0.85045        2.81390
        0.85268        2.83898
        0.85491        2.82024
        0.85714        2.85586
        0.85938        2.85092
        0.86161        2.87889
        0.86384        2.86464
        0.86607        2.85351
        0.86830        2.81240
        0.87054        2.84354
        0.87277        2.81800
        0.87500        2.85936
        0.87723        2.85589
        0.87946        2.89332
        0.88170        2.87192
        0.88393        2.86923
        0.88616        2.82407
        0.88839        2.85165
        0.89062        2.82086
        0.89286        2.85307
        0.89509        2.85102
        0.89732        2.88303
        0.89955        2.86636
        0.90179        2.86767
        0.90402        2.82879
        0.90625        2.84420
        0.90848        2.82250
        0.91071        2.84485
        0.91295        2.85159
        0.91518        2.86714
        0.91741        2.86778
        0.91964        2.84317
        0.92188        2.83283
        0.92411        2.79875
        0.92634        2.82275
        0.92857        2.79642
        0.93080        2.86171
        0.93304        2.81989
        0.93527        2.87645
        0.93750        2.79887
        0.93973        2.83788
        0.94196        2.76850
        0.94420        2.82458
        0.94643        2.76402
        0.94866        2.84683
        0.95089        2.79142
        0.95312        2.87333
        0.95536        2.79879
        0.95759        2.84753
        0.95982        2.77605
        0.96205        2.83564
        0.96429        2.77712
        0.96652        2.84722
        0.96875        2.79647
        0.97098        2.85688
        0.97321        2.80201
        0.97545        2.84008
        0.97768        2.78800
        0.97991        2.82720
        0.98214        2.79043
        0.98438        2.84952
        0.98661        2.80827
        0.98884        2.85095
        0.99107        2.80535
        0.99330        2.83301
        0.99554        2.79047
        0.99777        2.82863
        1.00000        2.79945
