        0.00223        2.20090
        0.00446        2.21137
        0.00670        2.20474
        0.00893        2.20203
        0.01116        2.19687
        0.01339        2.18965
        0.01562        2.18973
        0.01786        2.19493
        0.02009        2.19913
        0.02232        2.20385
        0.02455        2.20498
        0.02679        2.20365
        0.02902        2.19420
        0.03125        2.18601
        0.03348        2.19385
        0.03571        2.19212
        0.03795        2.19945
        0.04018        2.20707
        0.04241        2.20840
        0.04464        2.20853
        0.04688        2.20406
        0.04911        2.19996
        0.05134        2.19858
        0.05357        2.20385
        0.05580        2.21134
        0.05804        2.22216
        0.06027        2.23170
        0.06250        2.23660
        0.06473        2.25737
        0.06696        2.27852
        0.06920        2.28940
        0.07143        2.30381
        0.07366        2.32172
        0.07589        2.33848
        0.07812        2.34945
        0.08036        2.35245
        0.08259        2.34969
        0.08482        2.34531
        0.08705        2.34315
        0.08929        2.34882
        0.09152        2.35808
        0.09375        2.36682
        0.09598        2.37163
        0.09821        2.37024
        0.10045        2.36395
        0.10268        2.35513
        0.10491        2.34712
        0.10714        2.34787
        0.10938        2.35128
        0.11161        2.35488
        0.11384        2.35585
        0.11607        2.34973
        0.11830        2.33809
        0.12054        2.32119
        0.12277        2.30917
        0.12500        2.30379
        0.12723        2.30243
        0.12946        2.30007
        0.13170        2.29781
        0.13393        2.28958
        0.13616        2.27790
        0.13839        2.26478
        0.14062        2.25506
        0.14286        2.25188
        0.14509        2.25296
        0.14732        2.25276
        0.14955        2.25314
        0.15179        2.24645
        0.15402        2.23798
        0.15625        2.22600
        0.15848        2.21952
        0.16071        2.21569
        0.16295        2.22026
        0.16518        2.22061
        0.16741        2.21908
        0.16964        2.21622
        0.17188        2.20087
        0.17411        2.18728
        0.17634        2.16545
        0.17857        2.15198
        0.18080        2.13446
        0.18304        2.12721
        0.18527        2.10748
        0.18750        2.09209
        0.18973        2.06122
        0.19196        2.03056
        0.19420        2.00354
        0.19643        1.97048
        0.19866        1.94271
        0.20089        1.92077
        0.20312        1.88299
        0.20536        1.85133
        0.20759        1.80633
        0.20982        1.76489
        0.21205        1.71724
        0.21429        1.67383
        0.21652        1.63123
        0.21875        1.56477
        0.22098        1.52324
        0.22321        1.45801
        0.22545        1.39546
        0.22768        1.33883
        0.22991        1.26153
        0.23214        1.20574
        0.23438        1.12606
        0.23661        1.03471
        0.23884        0.97240
        0.24107        0.87202
        0.24330        0.79635
        0.24554        0.69810
        0.24777        0.61218
        0.25000        0.51404
        0.25223        0.41882
        0.25446        0.31430
        0.25670        0.20934
        0.25893        0.09778
        0.26116       -0.01497
        0.26339       -0.13477
        0.26562       -0.25921
        0.26786       -0.39515
        0.27009       -0.54048
        0.27232       -0.70167
        0.27455       -0.87634
        0.27679       -1.07124
        0.27902       -1.28625
        0.28125       -1.52817
        0.28348       -1.79861
        0.28571       -2.10302
        0.28795       -2.44384
        0.29018       -2.82841
        0.29241       -3.24940
        0.29464       -3.70464
        0.29688       -4.26085
        0.29911       -4.96249
        0.30134       -5.81986
        0.30357       -6.80889
        0.30580       -7.88674
        0.30804       -9.00087
        0.31027      -10.10131
        0.31250      -11.14309
        0.31473      -12.09175
        0.31696      -12.91775
        0.31920      -13.60171
        0.32143      -14.12597
        0.32366      -14.48512
        0.32589      -14.67779
        0.32812      -14.71067
        0.33036      -14.59259
        0.33259      -14.33863
        0.33482      -13.96562
        0.33705      -13.50185
        0.33929      -12.97372
        0.34152      -12.41422
        0.34375      -11.91062
        0.34598      -11.55748
        0.34821      -11.43513
        0.35045      -11.59727
        0.35268      -12.06455
        0.35491      -12.81310
        0.35714      -13.75858
        0.35938      -14.85035
        0.36161      -16.09302
        0.36384      -17.47407
        0.36607      -18.93542
        0.36830      -20.40984
        0.37054      -21.81839
        0.37277      -23.09506
        0.37500      -24.18266
        0.37723      -25.03956
        0.37946      -25.62591
        0.38170      -25.92852
        0.38393      -25.96657
        0.38616      -25.78691
        0.38839      -25.43183
        0.39062      -24.93751
        0.39286      -24.32645
        0.39509      -23.61830
        0.39732      -22.82474
        0.39955      -21.96467
        0.40179      -21.05827
        0.40402      -20.13927
        0.40625      -19.21736
        0.40848      -18.32989
        0.41071      -17.58126
        0.41295      -17.05995
        0.41518      -16.79657
        0.41741      -16.78250
        0.41964      -17.01829
        0.42188      -17.51076
        0.42411      -18.23810
        0.42634      -19.11536
        0.42857      -20.03723
        0.43080      -20.95620
        0.43304      -21.86596
        0.43527      -22.73210
        0.43750      -23.53433
        0.43973      -24.25229
        0.44196      -24.87526
        0.44420      -25.38334
        0.44643      -25.75570
        0.44866      -25.95654
        0.45089      -25.94536
        0.45312      -25.67358
        0.45536      -25.11897
        0.45759      -24.29013
        0.45982      -23.22647
        0.46205      -21.96803
        0.46429      -20.57132
        0.46652      -19.10017
        0.46875      -17.63401
        0.47098      -16.24068
        0.47321      -14.98113
        0.47545      -13.87311
        0.47768      -12.91047
        0.47991      -12.13532
        0.48214      -11.63448
        0.48438      -11.43880
        0.48661      -11.53171
        0.48884      -11.86268
        0.49107      -12.35419
        0.49330      -12.91228
        0.49554      -13.44662
        0.49777      -13.91829
        0.50000      -14.30329
        0.50223      -14.57112
        0.50446      -14.70537
        0.50670      -14.68949
        0.50893      -14.51537
        0.51116      -14.17427
        0.51339      -13.66881
        0.51562      -13.00130
        0.51786      -12.19076
        0.52009      -11.25385
        0.52232      -10.22145
        0.52455       -9.12491
        0.52679       -8.01048
        0.52902       -6.92537
        0.53125       -5.92474
        0.53348       -5.05040
        0.53571       -4.33205
        0.53795       -3.76038
        0.54018       -3.29832
        0.54241       -2.87416
        0.54464       -2.48502
        0.54688       -2.13935
        0.54911       -1.83143
        0.55134       -1.55710
        0.55357       -1.31245
        0.55580       -1.09446
        0.55804       -0.89763
        0.56027       -0.72076
        0.56250       -0.55828
        0.56473       -0.41114
        0.56696       -0.27449
        0.56920       -0.14856
        0.57143       -0.02885
        0.57366        0.08521
        0.57589        0.19617
        0.57812        0.30256
        0.58036        0.40664
        0.58259        0.50295
        0.58482        0.60176
        0.58705        0.68714
        0.58929        0.78688
        0.59152        0.86103
        0.59375        0.96600
        0.59598        1.02364
        0.59821        1.11593
        0.60045        1.21013
        0.60268        1.23631
        0.60491        1.33145
        0.60714        1.39115
        0.60938        1.44497
        0.61161        1.52395
        0.61384        1.55682
        0.61607        1.62706
        0.61830        1.66141
        0.62054        1.71147
        0.62277        1.76099
        0.62500        1.80670
        0.62723        1.83807
        0.62946        1.88918
        0.63170        1.91449
        0.63393        1.93260
        0.63616        1.97522
        0.63839        1.99253
        0.64062        2.02961
        0.64286        2.05682
        0.64509        2.08730
        0.64732        2.10601
        0.64955        2.12290
        0.65179        2.12919
        0.65402        2.14578
        0.65625        2.16507
        0.65848        2.17922
        0.66071        2.19969
        0.66295        2.20926
        0.66518        2.21709
        0.66741        2.21640
        0.66964        2.21566
        0.67188        2.21311
        0.67411        2.21617
        0.67634        2.22219
        0.67857        2.23381
        0.68080        2.24291
        0.68304        2.25032
        0.68527        2.24969
        0.68750        2.25022
        0.68973        2.24789
        0.69196        2.25252
        0.69420        2.26054
        0.69643        2.27456
        0.69866        2.28635
        0.70089        2.29559
        0.70312        2.29731
        0.70536        2.30009
        0.70759        2.30099
        0.70982        2.30660
        0.71205        2.31796
        0.71429        2.33731
        0.71652        2.34843
        0.71875        2.35675
        0.72098        2.35429
        0.72321        2.35181
        0.72545        2.34579
        0.72768        2.34703
        0.72991        2.35271
        0.73214        2.36343
        0.73438        2.36851
        0.73661        2.37213
        0.73884        2.36613
        0.74107        2.35883
        0.74330        2.34744
        0.74554        2.34346
        0.74777        2.34396
        0.75000        2.34982
        0.75223        2.35119
        0.75446        2.35050
        0.75670        2.33896
        0.75893        2.32365
        0.76116        2.30395
        0.76339        2.29216
        0.76562        2.27980
        0.76786        2.26257
        0.77009        2.23650
        0.77232        2.23358
        0.77455        2.22100
        0.77679        2.21468
        0.77902        2.19965
        0.78125        2.20071
        0.78348        2.20172
        0.78571        2.20224
        0.78795        2.20974
        0.79018        2.20780
        0.79241        2.20671
        0.79464        2.20088
        0.79688        2.18645
        0.79911        2.19179
        0.80134        2.19369
        0.80357        2.19377
        0.80580        2.20317
        0.80804        2.20397
        0.81027        2.20434
        0.81250        2.19909
        0.81473        2.19328
        0.81696        2.19026
        0.81920        2.18948
        0.82143        2.19618
        0.82366        2.20127
        0.82589        2.21058
        0.82812        2.20754
        0.83036        2.19781
        0.83259        2.20049
        0.83482        2.19358
        0.83705        2.20205
        0.83929        2.20624
        0.84152        2.22082
        0.84375        2.22192
        0.84598        2.22911
        0.84821        2.22550
        0.85045        2.22055
        0.85268        2.22472
        0.85491        2.27573
        0.85714        2.31281
        0.85938        2.33925
        0.86161        2.35729
        0.86384        2.36785
        0.86607        2.36990
        0.86830        2.36917
        0.87054        2.36873
        0.87277        2.37921
        0.87500        2.39176
        0.87723        2.40395
        0.87946        2.41060
        0.88170        2.41508
        0.88393        2.41372
        0.88616        2.41080
        0.88839        2.40967
        0.89062        2.41419
        0.89286        2.42116
        0.89509        2.42948
        0.89732        2.43373
        0.89955        2.43610
        0.90179        2.43358
        0.90402        2.42910
        0.90625        2.42563
        0.90848        2.42733
        0.91071        2.43194
        0.91295        2.43806
        0.91518        2.44100
        0.91741        2.44158
        0.91964        2.43872
        0.92188        2.43293
        0.92411        2.42759
        0.92634        2.42622
        0.92857        2.42956
        0.93080        2.43416
        0.93304        2.43695
        0.93527        2.43519
        0.93750        2.43125
        0.93973        2.42302
        0.94196        2.41534
        0.94420        2.41007
        0.94643        2.41128
        0.94866        2.41465
        0.95089        2.41709
        0.95312        2.41236
        0.95536        2.40629
        0.95759        2.39567
        0.95982        2.38142
        0.96205        2.37010
        0.96429        2.37030
        0.96652        2.37178
        0.96875        2.37048
        0.97098        2.36078
        0.97321        2.34350
        0.97545        2.31662
        0.97768        2.28085
        0.97991        2.22591
        0.98214        2.22201
        0.98438        2.22454
        0.98661        2.22900
        0.98884        2.22641
        0.99107        2.22016
        0.99330        2.20907
        0.99554        2.20140
        0.99777        2.19757
        1.00000        2.19987
