        0.00223        2.79821
        0.00446        2.79935
        0.00670        2.79408
        0.00893        2.79568
        0.01116        2.79838
        0.01339        2.80107
        0.01562        2.80361
        0.01786        2.80394
        0.02009        2.79599
        0.02232        2.79750
        0.02455        2.79130
        0.02679        2.79242
        0.02902        2.79568
        0.03125        2.79830
        0.03348        2.80177
        0.03571        2.80165
        0.03795        2.79371
        0.04018        2.79563
        0.04241        2.78879
        0.04464        2.78986
        0.04688        2.79332
        0.04911        2.79592
        0.05134        2.80014
        0.05357        2.80009
        0.05580        2.79188
        0.05804        2.79490
        0.06027        2.78692
        0.06250        2.78755
        0.06473        2.79215
        0.06696        2.79417
        0.06920        2.79945
        0.07143        2.79900
        0.07366        2.79125
        0.07589        2.79372
        0.07812        2.78553
        0.08036        2.78626
        0.08259        2.79048
        0.08482        2.79293
        0.08705        2.79874
        0.08929        2.79829
        0.09152        2.79070
        0.09375        2.79322
        0.09598        2.78411
        0.09821        2.78463
        0.10045        2.78857
        0.10268        2.79114
        0.10491        2.79736
        0.10714        2.79681
        0.10938        2.78943
        0.11161        2.79160
        0.11384        2.78187
        0.11607        2.78151
        0.11830        2.78434
        0.12054        2.78592
        0.12277        2.79219
        0.12500        2.79067
        0.12723        2.78300
        0.12946        2.78391
        0.13170        2.77295
        0.13393        2.76864
        0.13616        2.76755
        0.13839        2.76826
        0.14062        2.77271
        0.14286        2.76912
        0.14509        2.75737
        0.14732        2.75175
        0.14955        2.73700
        0.15179        2.72740
        0.15402        2.72163
        0.15625        2.71982
        0.15848        2.71938
        0.16071        2.71139
        0.16295        2.69230
        0.16518        2.67599
        0.16741        2.65010
        0.16964        2.63219
        0.17188        2.61609
        0.17411        2.60577
        0.17634        2.58807
        0.17857        2.57292
        0.18080        2.54168
        0.18304        2.51362
        0.18527        2.47719
        0.18750        2.45072
        0.18973        2.41650
        0.19196        2.39151
        0.19420        2.34837
        0.19643        2.31319
        0.19866        2.27611
        0.20089        2.22373
        0.20312        2.18483
        0.20536        2.11559
        0.20759        2.07340
        0.20982        2.00433
        0.21205        1.95111
        0.21429        1.87248
        0.21652        1.82392
        0.21875        1.73402
        0.22098        1.67925
        0.22321        1.57808
        0.22545        1.53159
        0.22768        1.42417
        0.22991        1.32025
        0.23214        1.24153
        0.23438        1.13395
        0.23661        1.04533
        0.23884        0.93961
        0.24107        0.83977
        0.24330        0.73170
        0.24554        0.62195
        0.24777        0.49327
        0.25000        0.37479
        0.25223        0.23788
        0.25446        0.11444
        0.25670       -0.03698
        0.25893       -0.18187
        0.26116       -0.36422
        0.26339       -0.54634
        0.26562       -0.77541
        0.26786       -1.00450
        0.27009       -1.28726
        0.27232       -1.57875
        0.27455       -1.93498
        0.27679       -2.31216
        0.27902       -2.76550
        0.28125       -3.25361
        0.28348       -3.80433
        0.28571       -4.38963
        0.28795       -5.14358
        0.29018       -6.07249
        0.29241       -7.21562
        0.29464       -8.49980
        0.29688       -9.89464
        0.29911      -11.30103
        0.30134      -12.67835
        0.30357      -13.94741
        0.30580      -15.08327
        0.30804      -16.03290
        0.31027      -16.78538
        0.31250      -17.30722
        0.31473      -17.60293
        0.31696      -17.66343
        0.31920      -17.50321
        0.32143      -17.12652
        0.32366      -16.55834
        0.32589      -15.81565
        0.32812      -14.94436
        0.33036      -13.98262
        0.33259      -13.00002
        0.33482      -12.05190
        0.33705      -11.19712
        0.33929      -10.50729
        0.34152      -10.09929
        0.34375      -10.02547
        0.34598      -10.32074
        0.34821      -10.93680
        0.35045      -11.82294
        0.35268      -12.97126
        0.35491      -14.36333
        0.35714      -15.92858
        0.35938      -17.61756
        0.36161      -19.36087
        0.36384      -21.11259
        0.36607      -22.82100
        0.36830      -24.42441
        0.37054      -25.89295
        0.37277      -27.29107
        0.37500      -28.62271
        0.37723      -29.84219
        0.37946      -30.84812
        0.38170      -31.55153
        0.38393      -31.88230
        0.38616      -31.83107
        0.38839      -31.42335
        0.39062      -30.73050
        0.39286      -29.82576
        0.39509      -28.76578
        0.39732      -27.58606
        0.39955      -26.36509
        0.40179      -25.25132
        0.40402      -24.40096
        0.40625      -23.90210
        0.40848      -23.80142
        0.41071      -24.09741
        0.41295      -24.77835
        0.41518      -25.77136
        0.41741      -26.96063
        0.41964      -28.17475
        0.42188      -29.30236
        0.42411      -30.29030
        0.42634      -31.10069
        0.42857      -31.66307
        0.43080      -31.90341
        0.43304      -31.76790
        0.43527      -31.25060
        0.43750      -30.38734
        0.43973      -29.26522
        0.44196      -27.97934
        0.44420      -26.61376
        0.44643      -25.18532
        0.44866      -23.65796
        0.45089      -21.99108
        0.45312      -20.25807
        0.45536      -18.50132
        0.45759      -16.78103
        0.45982      -15.14077
        0.46205      -13.65745
        0.46429      -12.37303
        0.46652      -11.35786
        0.46875      -10.59730
        0.47098      -10.13196
        0.47321      -10.01478
        0.47545      -10.26010
        0.47768      -10.81442
        0.47991      -11.60180
        0.48214      -12.50570
        0.48438      -13.48081
        0.48661      -14.45858
        0.48884      -15.38568
        0.49107      -16.19617
        0.49330      -16.86055
        0.49554      -17.33410
        0.49777      -17.61017
        0.50000      -17.65981
        0.50223      -17.48812
        0.50446      -17.07797
        0.50670      -16.44499
        0.50893      -15.58921
        0.51116      -14.54874
        0.51339      -13.33809
        0.51562      -12.01480
        0.51786      -10.60979
        0.52009       -9.20665
        0.52232       -7.85033
        0.52455       -6.63634
        0.52679       -5.58669
        0.52902       -4.75625
        0.53125       -4.08301
        0.53348       -3.53765
        0.53571       -2.99899
        0.53795       -2.54371
        0.54018       -2.11218
        0.54241       -1.76295
        0.54464       -1.42166
        0.54688       -1.15314
        0.54911       -0.87904
        0.55134       -0.66841
        0.55357       -0.44471
        0.55580       -0.27998
        0.55804       -0.10011
        0.56027        0.03143
        0.56250        0.18428
        0.56473        0.29908
        0.56696        0.43965
        0.56920        0.55388
        0.57143        0.68078
        0.57366        0.78274
        0.57589        0.89320
        0.57812        0.98838
        0.58036        1.09489
        0.58259        1.18217
        0.58482        1.28194
        0.58705        1.37833
        0.58929        1.47471
        0.59152        1.55168
        0.59375        1.62449
        0.59598        1.71413
        0.59821        1.75267
        0.60045        1.90501
        0.60268        1.90200
        0.60491        2.00187
        0.60714        2.04534
        0.60938        2.10249
        0.61161        2.15043
        0.61384        2.20457
        0.61607        2.24965
        0.61830        2.30038
        0.62054        2.32506
        0.62277        2.37879
        0.62500        2.40288
        0.62723        2.42679
        0.62946        2.45977
        0.63170        2.50397
        0.63393        2.52756
        0.63616        2.56155
        0.63839        2.58335
        0.64062        2.59954
        0.64286        2.60508
        0.64509        2.62983
        0.64732        2.63611
        0.64955        2.67195
        0.65179        2.67809
        0.65402        2.71034
        0.65625        2.70974
        0.65848        2.72430
        0.66071        2.71770
        0.66295        2.72786
        0.66518        2.72742
        0.66741        2.75249
        0.66964        2.75206
        0.67188        2.77283
        0.67411        2.76683
        0.67634        2.77438
        0.67857        2.76439
        0.68080        2.77380
        0.68304        2.76821
        0.68527        2.78626
        0.68750        2.78122
        0.68973        2.79609
        0.69196        2.78829
        0.69420        2.79445
        0.69643        2.78137
        0.69866        2.78804
        0.70089        2.77905
        0.70312        2.79458
        0.70536        2.78807
        0.70759        2.80099
        0.70982        2.79409
        0.71205        2.80056
        0.71429        2.78592
        0.71652        2.79228
        0.71875        2.78251
        0.72098        2.79617
        0.72321        2.78996
        0.72545        2.80009
        0.72768        2.79594
        0.72991        2.80278
        0.73214        2.78834
        0.73438        2.79441
        0.73661        2.78380
        0.73884        2.79717
        0.74107        2.79063
        0.74330        2.79989
        0.74554        2.79669
        0.74777        2.80457
        0.75000        2.78979
        0.75223        2.79652
        0.75446        2.78550
        0.75670        2.79793
        0.75893        2.79179
        0.76116        2.80022
        0.76339        2.79773
        0.76562        2.80607
        0.76786        2.79151
        0.77009        2.79825
        0.77232        2.78755
        0.77455        2.79834
        0.77679        2.79357
        0.77902        2.80127
        0.78125        2.79972
        0.78348        2.80837
        0.78571        2.79423
        0.78795        2.80089
        0.79018        2.79013
        0.79241        2.79896
        0.79464        2.79598
        0.79688        2.80309
        0.79911        2.80216
        0.80134        2.81071
        0.80357        2.79724
        0.80580        2.80366
        0.80804        2.79290
        0.81027        2.80062
        0.81250        2.79849
        0.81473        2.80522
        0.81696        2.80438
        0.81920        2.81263
        0.82143        2.79988
        0.82366        2.80593
        0.82589        2.79567
        0.82812        2.80260
        0.83036        2.80088
        0.83259        2.80719
        0.83482        2.80667
        0.83705        2.81455
        0.83929        2.80321
        0.84152        2.80793
        0.84375        2.79891
        0.84598        2.80488
        0.84821        2.80326
        0.85045        2.80901
        0.85268        2.80861
        0.85491        2.81607
        0.85714        2.80653
        0.85938        2.80949
        0.86161        2.80177
        0.86384        2.80715
        0.86607        2.80525
        0.86830        2.80997
        0.87054        2.81055
        0.87277        2.81585
        0.87500        2.80865
        0.87723        2.81024
        0.87946        2.80331
        0.88170        2.80744
        0.88393        2.80660
        0.88616        2.80993
        0.88839        2.81165
        0.89062        2.81458
        0.89286        2.80803
        0.89509        2.80932
        0.89732        2.80319
        0.89955        2.80637
        0.90179        2.80601
        0.90402        2.80799
        0.90625        2.81134
        0.90848        2.81201
        0.91071        2.80718
        0.91295        2.80630
        0.91518        2.80198
        0.91741        2.80393
        0.91964        2.80535
        0.92188        2.80621
        0.92411        2.81107
        0.92634        2.80996
        0.92857        2.80706
        0.93080        2.80453
        0.93304        2.80176
        0.93527        2.80222
        0.93750        2.80507
        0.93973        2.80507
        0.94196        2.81108
        0.94420        2.80886
        0.94643        2.80657
        0.94866        2.80355
        0.95089        2.80241
        0.95312        2.80059
        0.95536        2.80434
        0.95759        2.80401
        0.95982        2.80910
        0.96205        2.80823
        0.96429        2.80654
        0.96652        2.80217
        0.96875        2.80189
        0.97098        2.79864
        0.97321        2.80305
        0.97545        2.80249
        0.97768        2.80637
        0.97991        2.80681
        0.98214        2.80592
        0.98438        2.80016
        0.98661        2.80080
        0.98884        2.79650
        0.99107        2.79935
        0.99330        2.80052
        0.99554        2.80346
        0.99777        2.80526
        1.00000        2.80512
