        0.00223        2.09736
        0.00446        2.08912
        0.00670        2.07667
        0.00893        2.13877
        0.01116        2.09787
        0.01339        2.13772
        0.01562        2.08790
        0.01786        2.09915
        0.02009        2.04273
        0.02232        2.08127
        0.02455        2.07245
        0.02679        2.13763
        0.02902        2.12173
        0.03125        2.15040
        0.03348        2.13101
        0.03571        2.12421
        0.03795        2.11788
        0.04018        2.23330
        0.04241        2.25812
        0.04464        2.32590
        0.04688        2.30744
        0.04911        2.34936
        0.05134        2.33786
        0.05357        2.36723
        0.05580        2.32179
        0.05804        2.36777
        0.06027        2.34771
        0.06250        2.42810
        0.06473        2.37549
        0.06696        2.41057
        0.06920        2.41147
        0.07143        2.40773
        0.07366        2.37727
        0.07589        2.41934
        0.07812        2.38258
        0.08036        2.45718
        0.08259        2.42788
        0.08482        2.42361
        0.08705        2.47379
        0.08929        2.40816
        0.09152        2.44845
        0.09375        2.39331
        0.09598        2.43926
        0.09821        2.45224
        0.10045        2.45719
        0.10268        2.42670
        0.10491        2.48355
        0.10714        2.43707
        0.10938        2.42231
        0.11161        2.42717
        0.11384        2.40696
        0.11607        2.45725
        0.11830        2.42870
        0.12054        2.43634
        0.12277        2.44205
        0.12500        2.42971
        0.12723        2.39364
        0.12946        2.40060
        0.13170        2.38838
        0.13393        2.41165
        0.13616        2.42577
        0.13839        2.37726
        0.14062        2.40934
        0.14286        2.37741
        0.14509        2.36327
        0.14732        2.33626
        0.14955        2.34478
        0.15179        2.36582
        0.15402        2.34630
        0.15625        2.31592
        0.15848        2.32302
        0.16071        2.30052
        0.16295        2.24625
        0.16518        2.18592
        0.16741        2.11632
        0.16964        2.13263
        0.17188        2.14111
        0.17411        2.13654
        0.17634        2.12773
        0.17857        2.11216
        0.18080        2.06698
        0.18304        2.07520
        0.18527        2.05428
        0.18750        2.11622
        0.18973        2.08990
        0.19196        2.09570
        0.19420        2.17157
        0.19643        2.04684
        0.19866        2.11490
        0.20089        2.03996
        0.20312        2.08667
        0.20536        2.12065
        0.20759        2.12344
        0.20982        2.16292
        0.21205        2.17933
        0.21429        2.02668
        0.21652        1.86012
        0.21875        1.87529
        0.22098        2.02209
        0.22321        2.11920
        0.22545        2.16744
        0.22768        2.15696
        0.22991        2.11551
        0.23214        2.14580
        0.23438        2.06254
        0.23661        2.06461
        0.23884        2.06960
        0.24107        2.04079
        0.24330        2.14590
        0.24554        2.08442
        0.24777        2.13474
        0.25000        2.09449
        0.25223        2.08382
        0.25446        2.05826
        0.25670        2.09023
        0.25893        2.09326
        0.26116        2.16513
        0.26339        2.18793
        0.26562        2.28768
        0.26786        2.29563
        0.27009        2.31967
        0.27232        2.29684
        0.27455        2.34600
        0.27679        2.34809
        0.27902        2.40630
        0.28125        2.37563
        0.28348        2.40386
        0.28571        2.41496
        0.28795        2.41185
        0.29018        2.38608
        0.29241        2.40809
        0.29464        2.41670
        0.29688        2.42853
        0.29911        2.44535
        0.30134        2.45669
        0.30357        2.44762
        0.30580        2.42978
        0.30804        2.39191
        0.31027        2.45161
        0.31250        2.41599
        0.31473        2.44205
        0.31696        2.42683
        0.31920        2.47585
        0.32143        2.41676
        0.32366        2.41719
        0.32589        2.40617
        0.32812        2.42203
        0.33036        2.39130
        0.33259        2.39857
        0.33482        2.38636
        0.33705        2.36169
        0.33929        2.35224
        0.34152        2.33246
        0.34375        2.29444
        0.34598        2.28494
        0.34821        2.26875
        0.35045        2.28419
        0.35268        2.22695
        0.35491        2.19616
        0.35714        2.07096
        0.35938        1.97839
        0.36161        1.85256
        0.36384        1.85823
        0.36607        1.74528
        0.36830        1.80507
        0.37054        1.67733
        0.37277        1.64799
        0.37500        1.62841
        0.37723        1.49240
        0.37946        1.55428
        0.38170        1.41185
        0.38393        1.42300
        0.38616        1.31213
        0.38839        1.28778
        0.39062        1.19544
        0.39286        1.15708
        0.39509        1.06370
        0.39732        1.01789
        0.39955        0.92318
        0.40179        0.86487
        0.40402        0.76400
        0.40625        0.69605
        0.40848        0.59528
        0.41071        0.52150
        0.41295        0.41785
        0.41518        0.33780
        0.41741        0.22972
        0.41964        0.14124
        0.42188        0.02701
        0.42411       -0.06907
        0.42634       -0.18829
        0.42857       -0.29358
        0.43080       -0.42361
        0.43304       -0.54599
        0.43527       -0.69583
        0.43750       -0.84396
        0.43973       -1.02253
        0.44196       -1.20609
        0.44420       -1.42529
        0.44643       -1.65775
        0.44866       -1.93277
        0.45089       -2.22992
        0.45312       -2.57733
        0.45536       -2.95552
        0.45759       -3.39260
        0.45982       -3.86991
        0.46205       -4.41849
        0.46429       -5.00758
        0.46652       -5.64399
        0.46875       -6.38421
        0.47098       -7.31695
        0.47321       -8.44429
        0.47545       -9.75923
        0.47768      -11.17871
        0.47991      -12.63862
        0.48214      -14.03923
        0.48438      -15.32987
        0.48661      -16.44794
        0.48884      -17.38678
        0.49107      -18.13051
        0.49330      -18.70889
        0.49554      -19.13524
        0.49777      -19.45105
        0.50000      -19.67310
        0.50223      -19.83233
        0.50446      -19.91192
        0.50670      -19.90515
        0.50893      -19.77138
        0.51116      -19.50087
        0.51339      -19.07247
        0.51562      -18.51540
        0.51786      -17.82941
        0.52009      -17.05617
        0.52232      -16.24995
        0.52455      -15.49584
        0.52679      -14.85899
        0.52902      -14.40637
        0.53125      -14.15207
        0.53348      -14.07867
        0.53571      -14.10603
        0.53795      -14.14980
        0.54018      -14.19622
        0.54241      -14.26129
        0.54464      -14.32037
        0.54688      -14.37353
        0.54911      -14.40377
        0.55134      -14.41427
        0.55357      -14.39465
        0.55580      -14.35517
        0.55804      -14.29202
        0.56027      -14.21773
        0.56250      -14.12925
        0.56473      -14.03907
        0.56696      -13.94638
        0.56920      -13.86956
        0.57143      -13.81969
        0.57366      -13.83143
        0.57589      -13.92496
        0.57812      -14.08366
        0.58036      -14.43168
        0.58259      -15.15471
        0.58482      -16.26257
        0.58705      -17.65263
        0.58929      -19.12569
        0.59152      -20.50871
        0.59375      -21.66045
        0.59598      -22.52934
        0.59821      -23.09600
        0.60045      -23.39326
        0.60268      -23.44037
        0.60491      -23.25406
        0.60714      -22.80172
        0.60938      -22.06387
        0.61161      -21.02466
        0.61384      -19.72944
        0.61607      -18.27186
        0.61830      -16.82487
        0.62054      -15.57592
        0.62277      -14.68703
        0.62500      -14.19193
        0.62723      -13.98258
        0.62946      -13.86092
        0.63170      -13.81500
        0.63393      -13.84292
        0.63616      -13.91160
        0.63839      -13.99864
        0.64062      -14.09153
        0.64286      -14.18065
        0.64509      -14.26224
        0.64732      -14.32968
        0.64955      -14.38088
        0.65179      -14.40772
        0.65402      -14.41187
        0.65625      -14.38699
        0.65848      -14.34533
        0.66071      -14.28481
        0.66295      -14.22372
        0.66518      -14.16494
        0.66741      -14.12599
        0.66964      -14.08190
        0.67188      -14.10275
        0.67411      -14.27356
        0.67634      -14.64438
        0.67857      -15.20747
        0.68080      -15.92248
        0.68304      -16.71440
        0.68527      -17.51209
        0.68750      -18.23933
        0.68973      -18.85361
        0.69196      -19.33665
        0.69420      -19.67629
        0.69643      -19.86299
        0.69866      -19.92247
        0.70089      -19.87333
        0.70312      -19.74883
        0.70536      -19.55137
        0.70759      -19.28113
        0.70982      -18.90225
        0.71205      -18.39369
        0.71429      -17.72019
        0.71652      -16.86626
        0.71875      -15.82055
        0.72098      -14.59977
        0.72321      -13.23699
        0.72545      -11.79379
        0.72768      -10.34580
        0.72991       -8.97855
        0.73214       -7.76544
        0.73438       -6.75168
        0.73661       -5.93497
        0.73884       -5.26734
        0.74107       -4.66128
        0.74330       -4.09198
        0.74554       -3.58559
        0.74777       -3.13287
        0.75000       -2.72930
        0.75223       -2.37115
        0.75446       -2.05116
        0.75670       -1.76998
        0.75893       -1.51703
        0.76116       -1.29622
        0.76339       -1.09422
        0.76562       -0.91817
        0.76786       -0.75304
        0.77009       -0.60892
        0.77232       -0.47038
        0.77455       -0.34878
        0.77679       -0.22840
        0.77902       -0.12023
        0.78125       -0.00970
        0.78348        0.09237
        0.78571        0.19583
        0.78795        0.29227
        0.79018        0.38698
        0.79241        0.47761
        0.79464        0.56736
        0.79688        0.65227
        0.79911        0.73772
        0.80134        0.82333
        0.80357        0.89820
        0.80580        0.98679
        0.80804        1.03969
        0.81027        1.12731
        0.81250        1.16020
        0.81473        1.28852
        0.81696        1.33480
        0.81920        1.34346
        0.82143        1.45457
        0.82366        1.45033
        0.82589        1.53416
        0.82812        1.60889
        0.83036        1.62686
        0.83259        1.67795
        0.83482        1.73444
        0.83705        1.75687
        0.83929        1.80984
        0.84152        1.85612
        0.84375        1.92322
        0.84598        2.03565
        0.84821        2.14294
        0.85045        2.22339
        0.85268        2.26626
        0.85491        2.26762
        0.85714        2.27923
        0.85938        2.30778
        0.86161        2.30612
        0.86384        2.34423
        0.86607        2.37811
        0.86830        2.40197
        0.87054        2.35235
        0.87277        2.38762
        0.87500        2.41291
        0.87723        2.40735
        0.87946        2.38206
        0.88170        2.43636
        0.88393        2.44890
        0.88616        2.43492
        0.88839        2.45517
        0.89062        2.47092
        0.89286        2.41326
        0.89509        2.44187
        0.89732        2.43709
        0.89955        2.44390
        0.90179        2.45957
        0.90402        2.43192
        0.90625        2.46480
        0.90848        2.43706
        0.91071        2.41463
        0.91295        2.39102
        0.91518        2.41846
        0.91741        2.40263
        0.91964        2.40880
        0.92188        2.39775
        0.92411        2.37840
        0.92634        2.39277
        0.92857        2.33230
        0.93080        2.32088
        0.93304        2.30144
        0.93527        2.32387
        0.93750        2.28301
        0.93973        2.24820
        0.94196        2.15536
        0.94420        2.13811
        0.94643        2.08067
        0.94866        2.07575
        0.95089        2.06358
        0.95312        2.10025
        0.95536        2.10211
        0.95759        2.14354
        0.95982        2.08115
        0.96205        2.14951
        0.96429        2.01988
        0.96652        2.07330
        0.96875        2.11309
        0.97098        2.07272
        0.97321        2.16038
        0.97545        2.14861
        0.97768        2.17599
        0.97991        2.13623
        0.98214        1.97990
        0.98438        1.95776
        0.98661        1.98107
        0.98884        1.94226
        0.99107        2.06442
        0.99330        2.11809
        0.99554        2.19396
        0.99777        2.14891
        1.00000        2.04106
